ψ

511 11131111111111311111 CJJJJJJJJ'J‘JJ
Μψ,-.-
1113111111. 1111111111 11111 31131 111131 111131, 111131 1111 1113111 11111

1111111111111111 111111 111 1111 1113111111, 1111111111 [1111111111
11111111111111

1Ξ1-1ξὲῐ

111111 111111 111131111111,11111 1111 11111 1111 111111 11 111111
111113111111111 1111111113 111 113111 11111 1111131 111311111111111 111113
11 3111113111 111 131111 11 111 CJJJJJJJ 111 1111111111 113111

111 1111111111, 11111111131111 1111 1131111133 1 111 1111111311111111
11111111111111111111111111111111111111311111111311111111
11111311111111111111111111111111111111111111113115
111111, 1113111 11111111111 11 1111111111111111111311111131111 311111111311
11111 1111111 JJJ 111131111111111111111113111113.111111113113113113 ’
1111 11111111 1111111 ς11111111 1111 111131111113 111131111111111111131111
111131, 31 1111131111 1111 1111 1111111111 1111 13111111 11111111, 1111
31111,111111 111111111111111,11111111111311 31111111111111111111111ῗ
,111 11111111113111111111 11111 1111 1111111 11311111113111 311111 11113
111111111111 111 1111151111111111 3113111111 3111311113 11131111113111
111 11111111 11111, 11 1111111 1131 111111 1111111111111 111 11111 111
’111111 11111 11111111 1111111111.

111 1111111111 1111 111 1113 1111 111 11131111111 CJ 1111111113
111 31111111 111111111111111 11111111111111311111111111111111311
1111311111 13111 111 1111 11111111 111, 1111131 111’ 1111 11111111 111 11111111, 31111111
1111 31111111 11111111111111 11111 11111, 111 111 3111311113 1111 11111
11131311 1311311111111 1111111111111 1111 JJJJJ 1111 111111111111111 1111
3111111. 111111 111 11131111 11111 1111 111111 11113111 111111 111 11111
1113111111 11111 11 1113111113 11 1111 111 111113111111111111,11111
1111 11113111 11111 11 111111 1111 1111111111 11111 111113 31 11111131
111111 111113. 11111 1113111 111 JJJJ 111 31131 CJJJJJJJJJ 11111111113111113111
1111111111111 111131111311111 111311111111111111113113 11 11111111
1111113111111 1131111111 111111311131131111111 111111131111111111111111

9311ἇὲ ³ss

*gffgffissff f ζ

¹ 111111 1111111111111311 13111 11 11111 113111 31111111, 1.111111[111111,11111“1
11111. J 1 111, 131. 1 1 111.

 

