Ξ-Ξεῆζμι--ι--ΞΡ-

924 11111111 ΙΙ

11 1111111, 111 111 1111111 111111111111111, 111111 111111 1111111
1111111111 111111 11 - -1111 11111 11111 11111 11] 111 111 111111
ffietuhigung 11111-1111111 11111 1111111, 11111 111 11 111111

1111 28111111 1784 111111111 1111111111111111 1111111111
11111 1. 8111111111 11 1111111111] 1111111111111111111111111
(1111111111111111111 (11111111

1111111111 1111111111111111111111 (18(1111118411

„Ma 1111 chere soeur!

1111111ῖ1111111111ς-ἳ111 111 11 3111111 111 11111111, 11111 111
11111, 111 1111 mein 111111 1111 111 1111 1111111111 11111111 11111 —
111 1111 1111 1111111 111 - 1111 11111 - 1111111 1111 111 111
1111111111 11111111 1111111 111 1111111111 11 111111 111111111111111
1111 111 11111111 111 1111111111, 111 1111 11111 11 1111111111 1111
111111 111 111111111111111111 1111111111 11 11111 1111 11111 1111
1111 1111111111 11111111 1111 111111 11 &naburg 1111111 111 11
6111111111 111 11111111111111 1111111 1111111 1111111111 11
11111111. 11111 11111111 111 111111111111111 111111111111111111,
11111111 111 11 1111 111111 11111 11111 - 11111111 1111111111111111
111 1111 11111111 111 11 1111 111111 1111111111111111111 -
11111111111111 1111111 11 111 1111111111 1111111111 111111111-
111111 111 1111 11 1111111 ς1111111 811111 11111111 1111111111 111111
11111111 -111 1111111 111 1111111111 111 (111 11111 111111, 11111111
111111111111111111111111ι111111111111111111-111111111
11111111 1111111 11111 1111 11111111 1111111 1111 Ct 1111111111
11111111111111-11111111111111111111111111111111111111111111,
11111111111111 111111 1111 11111111 1111111 1111111111 0111111111 .
111111-111 111 111 1111 ιἰ1 1111 11111 11111111 1111, 11111111
1111111111111111111 1111111 11111111- 11111111 111111 1111111
1111 1111111 11 11111111 11111111111111111111111. 1111 1111111111
111811 11111000 1111 1111111111 11111111 1111 ῦ1111111, 111111111
111 111 11111 11 111 1111111111 11111 11111111, 111 — 1111 11111. -

11111 11111 111 11111111 111111111111111111111 11111 1111111 111111
111 11111111 1111

Du 111111 111 11111111 1111 11111111,
1111 111111 111111 1111111111

1111 11111 11 111 1111111111 1111111,
——-.-----—----‘·

² 1311. 1111311 11111341.

 

