ἓξὲξ

&mitten 1111 111 11111111 11111 89

11111111 11111. 1111111111 1111111111 1111111111) 1111111111 11111111
11111111111111 011. 111111, bic 1111 1111 01111111 111 3111 mit
11111 1111111111 11111111ίῖ111 1111111111 111111111119111, 111
1111ιί911111 11111111111111111111 1111 0111111111 11111111 11111111. 111111
11111111111111111 11111111 9111111111, 1111 111111 1113111 1111 &mittens
1111111111 11111111 in 1111111 111111 81111119 non 1011111111 111
1111111111 11111 11111111111111 11111111111111111, 1111111111
1111111111 in 111Θ1111111111111 11111111111119111111117. 01111
1111111 ,11111 ist 1111011111 111111111911111111 gemonnen 11111111,
1111 mie 1111 mun 111111 1111111111111111 1111111, 11111 111 21111111,
1111 111 {fit 111 0111111311 111 1111111911 [o 1111911119111111
&eh 111111 von ῧ11111 ihm gemibmet 1111.

mue 111111111111111111111111 11111 1111 1111 in 111111 111111 non
1111111111 1111111111, 111 111111911111111111111 1111111111 111
,11111 1111111111 1111 1111111111 in 111 1790 non 31111 1191111111
12111111111111 1111111111. &thou 1724 butte 111 1111111111111
81111111 1. 111, (11111111 111111, einen 0111111111 9191111111,
ben 1740 21111111 0111 111111 bem 11111111 ,11111111111111 011
111111111111111 11111111111111111 &eitebin 1111111114. 11111 1111111911
mut 1111 1766 von 1. ῧ. menna 1111 0. 1. 1111111111 1191111111
11111111111111111, 111 11111111 111 0111111111111 1111111, 1111
aud> &efangss= 1111 311111111111111111111 1111111111 1111 1111 1111
1111 111 111111111111011111 1111 91111111111111111 1111111115. 1111
111111 11111111 auf 1111 1111111111 111 1111111111 111 11111111,1)1111,
(111111 1111 11111. 1. 11111 11 111 11111 11111111 111111, bob
,1111111 0111111111 111111 1111 (11111111 11111111. 1774 amabat
1111111111 11111111111119 111 31111 1111111111111, 1781 11111111
1111111111 nod) 111111111111111 11111111111111 111 1119111111
2111117. 1111111111 mat 111111 [tona 1775 in 111111111111111111
11111118. 01 {st 2111111 1111111111 111 111 11111111101111111111
11111119 111 11111111 im 11111 1786 ein 11111111 111 1111111111

1111111111 91111111.

¹ 9391. 1111111191 13111111 1112. 1111111101ηῇ 11111111 1712, 111111. 111 111111
1111111101251, Θ. 111111. ² 52. 1111111111, Manena& 11116, ὅ. xm
*1111 3· Θ. 11111 111111, 111110 11111 1111111111, 1111119 1802. ⁴ 0. 61111,
1111111111 1111 nm 11111111111111 1910, Θ, 1771, 191· ⁶ 11· 1111111111
&mm 116111111111111 11111111891,0.21 ³ 1111111 einez 111111
0111111102, 7011111 1v 1211. 83.1.1311,11111112911.

 

