ψ

890 111000 01001

Ἣ-

1111100 11001 0002111100 18261. 80000090 0100 909 0000000010
11000 9100110110 ’0000100000 00100000 000110 100111 9010000000,
fortan 0110011000110091100 1100009000, 0000000009 01100 000
11001101 000 010 1110900110 111090001000100000 110901090010100 10
10111091 000 10 00900 1100100011οΙ mit 11000 101000 8110001001
001 1801190091. 1100 0111191842, 000190 8100000 0001)οε0 000
11100011 0011090000οε 0090001100 000, ist 110 90101003. 1100
100 10010 11100000 111090004 00100 000 000 900100 000 000 11009110
000 110100 11001010.

0001 1100000 11109001, 9010000 00 21. 09000100 1784 000
(100100110591, 100000 90000 10100011010000011 001 0001792110·
1797 in 11009 10000101110001101010 0090900. 0010111080010000
000000 000 1000 1798 90 1100000 10 01010100,101)0001100100 1109000
3011, 01 00101) 01010 0001) 110010111011100110101100 101100. 00011010
1101) 000010 er 1101) 000 110000010011010 gu. 1101 0010101 10 11009
90 tinem 9000 0100101001οτ 000090111οε0, 10000 0101000100οῦ
0100100 0010110 000 0000 0001) 101 fid) 0011101100 11011110009001.
zie 1000010000 101000 11101000 000111011000; hiet 100010 001101)
1009 000 101000 Qube 0001) 110 10000 9000100 1000100, 010 00110
0001 11001101 919000001111000900 0011011, ein 10001000 1001001
&r 11001 00 3101101001858010 0001001000 01000100101100900

⁰ngss 1109110 &obn 90009 §favet 110119009 11109001 (101100

100 00000 90 00001011αηί00 110010 1000010 11109000 1011000101100
1110011010 ..1100110090 00110000 neg. 11011 10 0000000 Scit 00000 fain 110000 01010 001
000 neuen 1100100010000010. 2 1191. ibt 11100 00011000 1090100), 1000 000
0ιί011111111380.,6511, 00100οῐ11010. 1111000011101.ξ119, 1842, 6110.
1110011100. 1100011οἐ 801001) 101 1100030100 1829 091. 1111131872,80,1ι101
100 301. 1100010 1841 000101, ver ,1100101010οτ XIII 1101. 0ἰο 1090111000
110οτ1 000 1110001100 000 110101) 000 10011100601110100000) 010 010 1001111100
1110900111001110, im 010900 batte 110001 01010 100 01000001, 011 1100 1101110001ῐό
(10010 9009 10901100. 4 ,0100010101 00 ι0100οτ 11109001 10010)ῐο 10090 eine
1001001010 1100010009, 010 0000011091 88100001 111111 Ι 3, 111, 0190109001
000 11001100 901110 hur. 10 110οε 1110100000 1000010 (17. 3001 111 21. 109·
1783, f. 0. ἐ. 39, 00 0001110001 {einez 10106 90 1000101900111), 0001101
11)οι001 1000010 (18. fist. 110 15. 1100. 1786), 1100οῘ 10 (211109. 1787111
29. 3001 1788), 11000 (901, 000 9011. 1811100. 1789) 000 1101190110
10. 0. Θ. 754. 1111010100οῐ, 13000000 1101010001 1111001244. 11111310(
512. 00 000 an 0000 10 {aaut 11221. τ 09, 010 0090 00381
8000109 4111906, (2210. Εο11009 113111. (mit 11111),

 

