ψ

592 nie 3111 1111111 111111611111111

&o 111111 111 1111111111 1111111111) 1111) (11111111 111111) 111111
ὒ1111111111, 111 111 11111111 111 1111111111 1111111111, 111 11111111
1ιη ffi‘bfbt'sse 11111111. 11111111111111) 1111111111111 1111 11111111
ῗῐΰθῖώῐϋῧ 1111111111 1111111111 111 p 1111 1111 1111111111 1111111
11 1111 11ίὰ1111. 111111 1111111 1111111 1111 11 111111111111111111111
Quintengitfel 1111111 1111111111 Ξ111Ι 111θ1111111111 111 &motu
311111 lucrm 1111 1111111111 111111111111111 (1111111, 111ῖῦ1 1111111111
uber 111 ,1111111111 1111111111 111 1111 1111111 93111111 111Ξ111111,
11111111 1111 1111111 1111 1111111111 1111111111111111, 1111 11111111) 111111
11111 ὓ1111111111111111 1111111111111 11 (11111111 1111111111 11111
’1111111 1111 1111111 18111111). &a 11111111 111 1111111111 &trum 111
1111111111111 111 11111111 1111111111 1111 11111111111.111“111 1111
11111111 1111111 11111 11111111 111Ω1111 111 1111111111ηῆ 1111 1111
111111Ε11 1111111111 1111 111111111111111111111 1111111111
11111 111 11111111 111 1111111111 11111 11111, 11111111111111111111 1111111
111111 1111111 11111 11111111111111111111111111111111111111111111111
111111 1111 111 111111 eass 1111 111111 111 11 1111111111) 111 zonam
11111111 1111 1111111111. Du& 1511111111) 1111111 1111111111111111 111111 et
11111 1111111111) 11 111 11111 (11111111111111111111111111,111 1111
1111111111 11111 1111111, 111 1111111111111111 ’11111 111111ἰ11111111 111
ῢ1111111111111 111) 111 1111) 1111Ξ11111111111 1111111 11111111 111 1111
111Ε1111111111 111 (1111111

ἕο 111111 11111 11111111 111 1111111111 11111111 11111 111111)
11111111111111111111111111, 111, 11 11111111 111111 111 ’1111111 11
1111111111 11111 111111 111111 111111111111 1111111111· 1111111111
1111111111111 (1111111111 1111. (11111111 111111 11111111) 11111 11111
111111111111111 111111111111111111111111111111111111111 &t
111 11111 111 1111111 mit 1111111111 111111111111111 1111111111
111111 11111111111111111. ’1111111111 111111 1111111111113111111111
111 111 1111111111) 111 11111 1111111111 111 1111111, 11111 111 11
1111111111111111 1111111111, 1111 1111 111 11111111 1111161111111
111 1111 &ration 1111 11111 11111 111111 11111111 1111111111 bre
beurere. 1111111111 1111 11111 ς1111111111 nur 11111111 11111, 111

11111111 1111 11111111111111 11111111111111111 111111111111111111111111
——d

¹ 3¹¹ 111 11111111 1111111 1111, 1111 11111, nod) 1111111 111 1111111611*

11111111111111 ,Ι J ,Ῑ ,Ι1Ᾰι111111311111111ς 1111111111111111 &tbffiss‘
1111111111 111111 111111 11111111 ’111111 111 111 1811111111111.

 

