7777777 777 1776

---—-————-—-

777777777 77777777 7777 77777777, 7777 ein 7777 7777777777 3777 7777
77 7777 77777777 777 777777 7777777777 &olis 777 777 77777 7777777777
gigne 77777 777 77777777 7777777 7777 7777 77777 777 7777 777777
7777777777 77777777. 7777 777 777777 7777777 777 7777 77777777
1776 (M. 258! 259) 77 777 7777777 777 77777 777777777777777 777
777777 777 7777777777 777 7777 7777777777. 7777 77777777 7777777 777
77 7777 77777777 777 Β777777777777 77 777777 77777777 7777 777777 777
77777777 7777777777 777 77777 7777777777 75777 777 777777777777777
7777777777 (777777777777 7777. 7777 7777777777 77 777 777777 7777
777777 (M). 258); 7 7777 777 77777 7 7777777777 77777777777777 7777777
77777, 777 7777777 7777 77777 777 777 77777 7777. elue) im Qerbelr
777 777 77777 777 777 77 777 7777777777 7777 7777 7777777777777
7777 ς7777777777 7777777777. 777 (7777777 7777777777 7777 77 7777
77777777 77777 &til 777777 7777777777, 77 777 7777 777 7777777777 garire:
7717777 777 7777777777 77777 77777777) 7777 77771777 7777 7777777777
777777777 77777717. 777 Gloria 77 7. 77. 7777 777 7777777 77777777
777777777777777, 7777 77 777 (777777 77777 77 777 777777 7777777777
7777777777 777 77 777 777777777777 7777777777 7777 7777777777
7777777777, 777 77777777 777777 777 77777777 777 7777777777 (7777777777
7777 77777 7777 77777 7777777 7777777. 777 Credo 7777777777 7777777
7777 777 (7777777 7777 7777 777 7777777777 ’7777777777 7777 777 7777777
777777 ². 777 7177 7777777777 777 descendit, 777 7777 777777 777 Uni:
7777 77777 &temnere 7777 77777777 7777777777777 mite„ 77 7777777
77 777777777177777 777777 7777 777 77777777777711777777777777 777 Et
resurrexit 77777777 7777777777. 7777777777 77777 777 7777777777 777
7777777 777 Et incarnatus: 7777 7777 777777 7777777777 7777777777
(777777 777 7777777777 77777 7777 7777777717 777 7717377777 et homo
sactus est 77 777777777777 7777777777 emper„ 7777 7777777 77777
777 Crucifixus 777 777777 7777 777777 777777777777777777 7777777
einen 777777 77717777 77777 777 77777 eae, 777 7771777777 77 777777
7777 777 777777 - 77 77777 77777 7777 7777777777 7777777777 777
(777777 777 ς7777777 7777777 777 &creuere 7777 77 77777 77 777777
777777 777 Qui tollis, 777 7777777777 77 7777777777 77777777777777,
emmer 77777 777 777777 (77, 777 7777 77777) 77777777. 777 Benedictus
7777 77777 7777777 777 7777 77777 777 777777 7777777 777 7777777 7777,

777 777 7777 77 777 77777777777777 ς7777777777 77 777 eernere 777

¹ 2331AE 1v 30. ² 3m Et resurrexit ἰ. 377. urb Er unm 7777777777.

 

