1111 111 Finta giardiniera
Ἣ
111111 1111 1111 1111 1111 1111111111. 1111111111 11111011 1111111
1111111111, 11111111 1111111119. 91111111 1777)1] ,111 11 111 1111111
11111, Du 1111111111 1111 1111 passabilmente 11111111111111111111111
cosa? Cazo! 5111111111111111 questo era del Principe un puntiglio
11111 inteso, col suo proprio dannos‘

11111 111111 11111111 111 11111111 111 61111111117771111111
11111111 11 1111111111 111 1111111111 11111 1111 111 13111111 11111, 111
1111111 1111111111 11 11111111 11111 111111111111 1111 1111111111 ,111
11111111 11111 1111 111111. 111 11111111, 111 11111111 11111111111111111
11 1111 1111111 111111 (6.13111111177711 111 1111 1111111111 uffa)
1111111 1111 11111111 1111 11111111 111 1111311111 111 1111111113
11111 11111111) 11111 11111111111111 applauso . . ,. 111 111 111111 11111
soupe‘e 1111111 111 111 Ε111111111111111111. 11 11111 1111ὓ1 111111
11111 111 1111111111 1111111 ἳ111 (24.1111111111111 6111111 11111
11111 1111111111 1111, 1111111111 11111111 1111 11111111111111 (19111111
1777)4; „Qu 111111 11111111 111 1111111, 11 lunge Du 11 1111111111
111111, zia> 111 11111 111111 1111111 Dass 111111111111111111”,111
111111 1111111 (27.1)1111111111 1777)5; „Die 1111111 1111111111111,
111 11111 [111] 111111111111“. &o 1111111 11111 11111111 1111. ,11
61111111 1111111 11 1111111 1111111 11111111111111111ς 11111111 11111
1111 11 111111 1111111111 111111 111 1111111111111111111111111111111
1111 11111 11111 111111, 1111111111 1111111 11 11 1111111111111111
111111 11 1111 11 111111 1111111111 1111 11111111 111111111111111111111,
111 1111111111 111 1111111, 111111 1111111111111111111111111111111111
111111 1111111 (1111111, 1111 111111 11111111111111 11111, 11111111117111111
11111 1111 1111111111111 1111111111] 11111111 11111111 1111 1111111111ι
1131111111 1111 111111111(ἕ1111111111111111111111 111 111 (11111 1111111111.
11111111111 111] 111 11111 11111 1111111111111111111111111 1111111111111111
1111111111 1111111111; fura 11111 1111111 1111 1111111 11111111111111
1111111 1111111, 11 1111111 111) 1111111 1111 111111111111111111111
1111111 111111 1111111111 171111. 111111111111111112. 11111111111777)
11111111 11 11111 111 1111111111 111111111111711 111 1111111111 1111
1111111, (1111· 1111111 (17364311112

1111 11111 111 1311111111, 111 ,1, 1111111 11111111111111111111111
11111111 111 111111. 111111111111111111 1111111111,1111111111(τ
*A

1111111209. 131111111111111111111111111111111. 1111173. ⁸231}ss

1111112011. 11111273. 1111111111,111111111111111111
11111 Τιῦ111111111178111111 lv 116), 7 11 Ι 122.

 

