.. n

11199909 313

99111991 9991911999, 1919901919999919911911191 1191191191 111199
0999991199 89911199199991991 9399191991 (11911199 9191 019991)
91191999 11999 9919999, 99191 jener 199 0999911991 199 111119 999
191991 991 11919111999999911, 99119991 119199 1991111919919199
191199 1991119999, 1919919991 ora pro nobis, miserere nobis! unz
19111911. Det 11911919 191911 11111911 1911 1111999 eine 19199199 stoue.
1191 1191119991 199 9911911119911919911999 91919990919199199
191199 mirere, 1991999 11919099991911919 9999919991119119911199
1991199101 99 9911919199 99919991 1999, 19991199 11911199991199999
fitia 99111 99111. 11191911 199 1191911999 aud> 19199, mic 19 199
11191ὶ9911 199 11999911199919 919.

1119999119 11191 1771 1999991999 99119 &tanain 11199
(0911. 100, 0111)2 991191 199 01911999 199 11199199119991 99
(Litaniae Lauretanae). 9199991919119199 11191199991199111199, 119 bier
9999191991 1991199, 9911999199 1911 muers 19919 199 1111919199 ,199119
hei 91199 1991911 991 1119191911 199 1099911991 baben 19 einen 1199199
39199999119111911911, 11919 999 1999191911 991 199199911999
11199919, aud) 9911911191ίῴ9 3199 1911999999 19911191 1919199919. 11991
11999911 1119991 199191 119199 (199911191911991 119 11119 199 89999
19191 19999 991 999911 99919099199991111 999 191199 (19199911.
10999999 991119 1999111119 991 19901991919199919919, 991
9199 3991191991199 1191191 119199 1119911911 9911991119 119
1919 bie 1911999919199, 99991 (191999 991 1191, 19999 999 1919
Salus 9199 11919999 19111, 99111 991 119 111999 3911 bins 919919 119
11999999 19191199 11191999. &in 99119999 1191999 191 1099191ίῇ
19199 1999919 1919911999 119 119 9999199961991991)9111991919
111999 991 1199199199 11919 1999199199199 9991191911 9919999999
witw-

619111 im Kyrie 11111119 1999999119 1111999919 199 119919
miserere nobis 991 sancta Trinitas (119 19999991. ffm Sancta
Maria 9919999 191 119 9191191911199999 99991119119119911991999
111191919999119999 9111991 fid) 9991 1911999191 99 ist 919 111191
999 911 9999911991199 1191191911, 199 abne 1191919119919 bc:
11111991 191191 &umagen 19 199 1199919 99 119 11191199 091199.
M 1111191 with 111ἵ99 1991999 in 1999 Salus infirmorum, ciuem

¹ Mylan. 0. {ui 1199119, 119999919191111911. ² 59 199 asten 191119
11199119 ”masalma 111113 1880, 1111. ⁸ 39191 unci! (ΙΙ 00911 ,91191
W& 611999, 1111119 nub W 9919991199 19911119999991119191111111,

 

