5111 511111 545
...-—-—-—-—·—————--

51 55 1111111 (11111111 1111111115 1111111111 11 ist 111 111 5 p. Cento
11511111 &r 11511111 151 1111 11111111 11 111111 11111111 1111111111,
11111111111511 1111111511, 515 1111151 11 1111111151 511151
1111511111 111 1111111. 511111 1115 11151 1111111111, 111111 11 111111 51111,
11 11111 151111 1111111111 (1111111111, 111 111 111 11151111 11111111

5111115111 1111111511 11111111, 111111 gum 11111151 11511111, 1111
5111151511 111 111 1111111, 111 1511 1111 5111, 315111511111151
1111111. 51 111 1151111151111115111511 311111111111 11111
1111111111 1111111111, 111 1111 11115 51111 1111111111 1111115511 111
11111 1111111111 1111111111 1111 511111 1111151111.

1111111111 115 111 11111111 11511 111511111511111111111111
5111, 11115151 111 111115111111111315111111) 11111115 1111111
1111111 111 11111.

3111 1111511115111111511111111111111111 1111111511. 11111 mas 1111
115 511 111 1111111111, 1111 1111 11111111111111111111111111- - 315 1111111111
511 111 1111111 1111111, 111 51111 11111511 11111111, 111 51111 11111111 1111
11111 111111, 1111 11111111 11111111 11111, menn 51 111 51111111111111111
11151111 [115151151155111111 1111111111 111111111 1111. 511 111111 1111111-
gd) 111 1111 1111111, {ein 5111111111, 1115 11111111 111 &memmingen
111111 5111111 51111 111111 111 11151 1111 §bitte 1111111 1115111111. 51111
15, 11111 511 1111 51111 51111 1111111 11511 11111111, 111 511 51111111 51111
{eine 5111111111 11 111111 5111111111 1111111115111, 111111 11 11 111111
1111111111 1111111511 1115 111111 51111111 1111511 1111, 111 51111111
11161111 11115111 5111151111111111111151111111. 1111111511 1111

¹ 511 111 1111111 1111111111111111, 111 1111 11115111 5155151151 ,111 1111111111
1111111111 11 111 11115 11 511111111151111111111111111111, 111 1131119119 111 111
5111111 111 1115151111 1111511111 flu 111111, ,511 5511111111111111111111, 11111111
et (17. 1111111111 1171). 15111 5111111111 111111 1115111 11111 11111 1111111111
111111111111111111111511, 111 511111 1115111 11111 11111111111111, 1111111111111111511,
111 111 11111111 ,51111 51111 fic 111 11111111511111111 51111 11511551111111 11111
Iud)y 1111111111 111 111111111151111 1111111111. 5116111111 51111 11151111
1111111511 11111115, 111111 1111111151 111 51111111 111111111111111 1111115111,
1111111 1115111111 1111, 1111111 11115111 11 11511 1111 1111 111 11111111111115.
5111 11111 1155111111(

Adieu 111111 3111111 51111 - Adieu 111111 111111 511111
Sd) 11111115 111 111111 1111111, (5111115111, 11111 15111111
11111 511111 14 1111 11151 11151115 5111111155
5111 1111,Ι 1111 1111111111 111 11111511 1111111 11151.
51151111 5111111111 - - 1151 - 115 115 111 raum 1115111111
&a 1111 fit 1111111 nug! - 1111 111111 1111 11151 111111111
1111111111 511 mit 1111 51111 1115 1115511 111 5111111511 1111111111 (1. 15111).
5111111, 5111111 1. 35

 

