1111111111 1111 11111111111111 1021

11111119 11111 11111111 9111111111 11111 11 111111 1111 111 1111111
&cite 111 1111111111 11111111 gut 11111111 11111 111 9111111111 1111111111 11.
1789 1111 1790 911111111111 Quamne (11111. 575„ 1191 5901 1111
111 11 1111 11111111 9111111 1111 1111009111111111111 1111111111
11111 11111. 1111 111 9119111111 1111111 11111001111111111111
11111111, 11111 11111 111 11111111 11111111119111111111111111 111111
&mitten 1788 111 1789 1111111111 ς1111111111119111 9111111111
0111111111 11199111111911 11919 1119 11 111 911111111111111
11111191111111111111. 111111 111· 111111 3111111911111111 11111 11111
9111111 3111 11111 1191111111 9111111111 9191111111111. 9111 91119111
1111 11111111 91111111 111111 1111111( 1119 1111111 111111 9811111 be:
11111111 ς11911111111111111111) 11111111.

'zei 111111 111 ἒ1111119111111111, 111 91111111 in 111111 9811111119 91111
butte 11111 1111 1111111111 11111 1119111111111 111 1111 111 1111111 1111
130. 911111 17811111111111),111111119111111 111111111111111111119111
11111111 11111 111 91111111 11111111, 111111 9111911111111 1111111 mit 1111191111
11111 11 1111111111, 1111 111111 1111111111. 111111 11111 1111111 9111111111]
11111111 111 0111 91111111 11111111 111111 151111111111111 mit 111111 11111
11111111111111 11111111] 111111 11 11111 1111111111 111111911911 1111111 111
11111 1111 ihm 91111111 (111111 1111111111, 91119111, 11111111 1111 3111111
111 8111111111 111 11111111111ἓ11111 111111 911111111911 0111111111 111111,
111111 1111111111ιῖ 111 11111111 1111 1111111 911 1111111119 111 11191111
partitur 11111011111111, 111 ihm 11 11111 91111111- 1111 111111111111
tun 11111911-, 11111111 aud) mit 911111 111111111111111111 111 11111111
111111111. 911111 1111191111 1111 111 19111 1111111 111 91111111 111 er:
11111911 11111 11111 1111 ῖτίος 11111111 111111111191111111, 111 11 11111 nod)
111111 11191191 91111111 111111, 111111 111 (111111 1111111911 11 111111111111.
ff& 1111111 1111 11111 111111 1111 111111 111911191 1111111111( 1111111111 111
0111 „mir 111 11111111 11111111 Ξ111111111111111111119111111111111
31111 11111111111111111111.1 91111111 1111111 1111 111ΰ1111111111111, 111
(9111 1111 11111111 11111111111111 0111111111, 111 1111 1111111 11111 1111111111
31111 111 111111111111111111111111 Ε11111111111111111 11 anien 9111111111
111111. 01911 1111111 11111 111 111111191111111 batte 91111111 rein< 1111111
111 111 11111911111113 1011 111111

vae 1111 1119111911ῑὸ (1111111191111 111111 11111 1111119191 1111
1111119111. 11111111111111111111 111111119111119 11 1111 1111111111
91111111111111111111 1111 1111111111 u. 191, 11191119 9111 11111 911

111111 1111. Die 91111111 1111111 11111 911 11 111 ῧ11111111111 1111111]
101111111111111111111111111191816185. 1011111 3111118331, gum}
111ξέ 1121136 1111 11111 11119 1111191 1111 1111 1111 1111111111 1111111111

 

