ss

434 11111111 11 11111

11111, 1111 1111111111 1111111793, 1111 11111111 111111 1111
1111 11111 1111 111 1791 1111111111 3111111111 11111 111111 1111
1111111111 1111111111, 1111 1111 30. Deatmbff 1797 1111115 (11111
111 ὕ11111111τ

3111 1111111111, 111 &ie 111 111 Duer 111111, 11111111 1111111111
111 31111 1111 11111 11111 11111 11111111 1111111 1111111 111111 11111 1111
1111 1111181111 1111 11111111, 111 hurd) ς11111111 111 111 1111 1111111
1111 111111 ’1111111111 111111111.

1111 24. ῧ111111 111111 1111 11111111, 1793 111111111111111
1811111111111 ς11111111 1111 11111111, 11111111 1111111 ἲς. 111111
11111 1111111 ἰ111111 111 11111 1111ὓ1111111111111111 1111111111)
1111181111) 11111111111111 1111 111 11111111131111111811111.
1794 1111111 111111 aem 1111 (ἶ111111111, 1795 11111, anagnu
burg 1111 1111111111. Die 11111 1111111 11111111 1111 &tutu
1111, 111 811 (11111111 111 11111111 1796 1111111111111111
11111111 11 8111111111,

&chr 11111 111111 11111 111 111111111111 111 111111 1111111111111
1111 1111111111 11 1111 1111 11111 11111111 1111111, 111 111111
(11111111 11111111111 11111111111111 11111. ,11119111 111111
1111 Ε111111111111 (11111111111111111 2011 (11111111 111 1111811111
111 3111111863 111 111111531111111111115ς 1111111 1111111111
fiper 1111 8111111111 1111111 11 111 11111103111111161111 nod)
1111111111111 1111111111111 111 1851) 111 111111 3601111111111111
11 1111111 111111 1111 111 111111111111111111111111111111111111
1111111111 111 31111 1837 (111 1111 11111111ἵ 1111 11111111
11111]8 1111111111 11111111 1111111) 11111111 200 11111111111111 3¹¹
11111 1111111111 1111111111 11 111 (1111111111 1111111111 11111118

fid) 111 11111111111111 ’1111111111 111 29. 9111111 1887] 1111111 ¹¹
,κῇ-ἐκ

¹ 11111 Die 1111111 m 1111 1111111, 1111, 1. 111. 1111
11111 11111), 1111. 1 1. 111, 11 1111111111 11111311·
³ ¹3⁶¹& 153811. 11111111, Due 811111111111111111111, 61112. 517
11111111111111111111111 111111 11 111 gum 21. 3111111 11169 316, 111 1111111111ιιι
25· ‘mni 1869 1117111111 111111111111111111 9. 9111111 1890 117, 1111 11111811,ιι

473 93111111111111 1111111111, 81111111 18117, 111, 278, 111111. 3
11111 11111 1899 111111 11 11 11111] 1116 111111111111, 111 1111111891 Μ
⁷ 111111 xxxv( 111. 1 11111 11 111. 1 11113 1111118111. m
11111 11111 1890111111 1111111 111111111111112311111111111111. 1111 mgna
1902 111111 111 6110. 1111111111 111 111. 1111111111 11111 111 1111111111
11111111. ww 1901111611. 61111111, Θ. 281.

 

