ἕπε’-’ὕβ-

232 Die 3111111 111111111131111

1113111111 (11311131111311 3111111111111 31111111111111111Ε1113Μ 11111 1111111
131111311131 11111

1111111113111111111111111131311113 1311313111( 1111111111 1111111113
1111 1111311113111111131111111 11111 3311111111 11313111 11111 1111131111

11111111 11311133111111111111111111311111111113111Ε11311331113111111
1111 1111 31113 311 1111131 113111 11111313 113111 11111111111131111131111111111

3111 31111111 11311111111111131111111311111111 1111131111ξὲ

3111 1111 313 11111111 auf 111 1111111111 3111311111111111 1 3111313113

11111 Q 31111111 61133111311111113 1131111111 11
o·

111111 111111 Ι111111111113113111111131) 11111111’ 31111111 111 11111111111111113111

1111111111 111 1111 31111 111 11131111 Θ111 11111 1113311331111111 111111.
111111 1113111313. 11. 111 111311311111111 111 1111111313 11 111

„5

- 2 ΗῑΙ-ἐὲ Q m
3 · ffiffg—Lss f
θ’ Γ ῒΐ 3—— ⁴3:

ὣ 1¹? U θ Ι ι
11111111 11131111 111 1111111131 111 11111. 466

&5va Η Q ψ

1113111111 11111 11113111 1111 1111111111111111113111 1111 11111113 311. 111
1111111131311111111 467¹:

f--Q

Ὗ- :2 *r ςῶὲέι ⁴0
§fir Η Ηῖ ᾧ

&ng 1111111111 1111111 13 311111 1113131111131111 111111113111111111
1111111 1111111111, 11111111 111111 1111113111111 1111 3111113 31113 11111111

¹ 111311 31131111 aud) 1111111311 1111 111 1111111111 3111 11113111 1437

 

