111311111111111111111111111111
*--————-———..--.-.
111111111111111111116. &ulis 53:523, 149 6111, 11) 111 11111 Un bacio
1111111111111111111111151110111111111111111111881111111111111111.

11111541 16111 40). 1111 111111111111111111111111 1111 3111111.
111111111111111111111,1.111 569) 11111 111 111111 1111111111111111111111111
1111..1111111111111111111111118111111788 1111151211.

11111111. 111 111 1111 8111111111111 1111111 1111111111 1111111111) 1111
11111111111111)1111111111111111111111111 11111111. 1111 11 1111111116111
111111 1111111111 1111111111. 11111 111· 1111111111111111111111111111161111111
111111 11111111 1111 111111 1111 11111. 11111 111 111 11111111111111111111111
1111111111111111111 111 111111111111111111111.11811 ’1111111 111111 111)
11111111).1111111111)11111111111111111111.1111111111111111111111111
1111111 111111. 1111111611111 1111111111 11111111 11111111 1611111111 1111111111
11.1111 61111111111111111111111 111 61111. 111 1111 11111111 1111111111
1111111..1111111111 331 1111111 11111. mie 1111111111111111111111111111.
..1111) 11111 11161111 111 1111111111”. 1111111) 11181111116111111111111111
1111 11111111 331 tun: 111 1111111111 1111111. 111 11 111 11111111 11111111
1111111111 11111 11111 11111111. 1111111111 1111111111. 111111111 11111
1111111111 1111111 11111 31111111 11111111111111111111111. 111 11111.

61111111111111111111111111111111.111111111161111611111111
11111111111111111111611111111111111.1111111111111(11111111111111111111
1111111111 11111111111111111111111 1111111 11111 111111111111111111.611
111 1111 1111111111 1111111 111 111111111161111111111111111111 11111111. 111

11111111111111111111111111 11111111111111111111111111)1111
111111111111111 11111111 1111111111 1111111 1..)’1 111) 1111111111 11111111
1111111111 1111111111111 1782 1111111111 111 111111. 1111. 11111111 1116111Ξ
111111 111 33333 1111111111. 1111 1111111 1111111116111111111111111111111111111
1111111111 111. 11111 11111 111 11 1111111111111ἓ11111111111111.111
1))’11 111 1111 11111111. 11111 11 1’1 111 111111111111111111 6111161111111
111111 ’1111111 111111111 11111. zie 61111111 1111111 1111111111111111 111
11111111. 1111111111111111 11111 11111 11111111 1111111111111 [11111161111111
111111111111111111. 1111111 1111111111111111111111111. 111 11111 11111111 1111111111.
1111111111 111111 1111111111111111 18111111 111 11111111 11111111111111111111·
Ἣ

1 181111 1111. 1788 11116111111111111111111111 111111111111111111111 ,11111111 1111111111
11111111. 1111111111111111111 11111111111111.’,”11·111. 111111.1111111111111111111131441
11111111 11111111111511111 1111.11 11111111111111. 217. 1111127 111111. 1111128111
111111)11111111111111.11111111161821111111..’1111111111111111111111111111111

1111111111111111111111611111111111111111111111111111111. 11111111311111111111111
6111111111 11111111. 11111 11111 )1111111ἰ1111,’

 

