ss

7. 77777777 Qo13b11rget Qteuung 5

2501). 7777777177 1777 17627 77117777 77717 1777 1778) bom.
77777777711772- 1783) 77 7717777( 1777- 1778) 777777 77 (777
1777178377)777777. 717 7177777711777717777577777 77777117 gu
777177 77177777777717777 777 7777 77 77 77717 7777 7777 717 777777 7777777777

777 30 QoIo 7777 7777777777 777151777711777777 777 7777777 1777777
777 77777177777771771 ’777 7777 77 17777 7777 71777777 7777 17471 77 771
777 77777777 7777 77771777 77 77717 777 7777 77177777 77 77 77777777772

777 7777777777777 7777717777 777 7771717777 Dicas} 777177 77777777
1777 77 7777777777 7777 7777 71777777777777771777717 777 7771777777
777777777777 77777777 77777777. 777 77777777 7777777777 777 777177
77777777 7777. 777771 77 777 7717777777777777777177777777’777777 17777.
777 7777777 777 77777 7777177777 777 77 17771774. 77777 77717. 7777 77ι
77717 711777777. 7777177777 67711777 77777777 7777 7777 777777 7777
7717777177 7777777777 777 777777 7777777 7777777777. 7771777777 7777 cr
7777777. 7777 7771777777 7777777717 7777 7777 7777777777 77777777
ἲς. 7. 777777 7777777175. 7771) 7717777. 7777 collegium musicum 177777
7777777777 7777 einer 77177177 7777 77777717777777. 77777777 777 ..7717177777
7717777. 777..77777777771)7777” 777 777 ..777777717777777”. 7717777777.
1756 777777777777717777 777 777777 7777777777777 7771759 777 7777777
7777 7777177 77777 77717 777 1777777777 777 777 77717777 7777717177777
7777 777717771777777777 77777 7777 77777 ..777 77777777 777 777 7177777
77 7777777777.

77777) ist 7. 77177777 7777777777 77777717777777777717777777777177.
77 777 777 77777177 77777 7777 7777777777 77777777. 777717 777 7777 Q:
17777777 777777 7777177177777. 1773. 77777777 777 77777177 7777 xxm
71777777 ..777777ῐὰ7 777 7777777777 77777717777777 77 7777777. 7777
77177777 7777 7377177777 777777 777 24. 7177777777 7777 777 7777777 777777717 ⁷:

37777 777 77777777 7377777777 771777. 7777 1777 mir einen 777777 777
tinem 7777777 Drt 7717777777. 777 man 7777 7777777777. 7717 7777 77777777 777717

² 7777777777 Q. 190773, 67777777 Q xxvlllf. 2 7371. 1777717177777777777
7177777777 7777777 77 IV 44. 81. ³ Qeiffert 7777 Q 1171111. nod) 7777 Q013:
7777777777 7777777777 777 7717777777 777 71717777 777 17777177777777777 777 77777
&dhre 1777. 4677777777. 7717177777 777 7777771718θὸ, Q 157. 7 7777717 in
777 Qummtung Qmssnid 777 1771. 7771777777 7777177. 777 7177777 7777777777 777
7ἶ7771777 Q xxx wie Qtt'ufe 1177 Sanum] 717771. 7177777. 77777777 777 777
7377777777 1777777777 777 7777177. 777 7777777777 77777777. 7777777177 777 7777
717777777777777777777177777777777777 7777777Θ7777 7771) 1777177777· 7777177. 77577777
ercre 177 777 777 77 (Menuetto pas storale) 777 777 errcmlwr 1.. Die 7777 77777
7777777771777 77777777 177777. 11ῧ77117777707517117.

 

