138 suffimen 1111 ’1111111111

9311119 gemae 121111. 1777) 1111111 111 im ,111111111111111111
,an Quartier„ ,1111111 11111111 1111111111 30111. 1111111111
1151131111 1111, 1111111111111111111111111, 1111111111, &tans
1111111. 1111111111. 11 111 11111111 111 111111 11111 111111
11111111 111111 111 1111111111 11111 1111111111 1111111111, 1111 111111
8⁰¹¹ss 111111 1111111 1111111111 1111111 1111111 11111 111111 1111
1111111111, 111111 111111 1111117111 11111111 11111111 111111
1111111, 1111111 111 1111111111 111 in 111 1111111111 [eines
1111111 1111111 1111111.

bem 11111111 111 1111111 111111 1111111111 1111111111 11111111
111 ,1111 (1111111 1111 11111111111111111 111 111111111111
111111111111111111 1111111111 11111111. 1111111111 11111111 111111
1811111 1111111 1111111 ῧ111111111111, 1111111 ,111111111111111 &uhu
1111 111 1111111111 11111111 1111111 1111 111 11111111111111 11111
111111 1111 11111111, 11111 11113111111111111111111111111 erinnem
1111111. 11111111 1111111 11 1111 1111111111111111111111111111111-
vistfflpielen 111 1111 111, 11111111 111,1111111111111111111111111
11111111 1111111111. Die &teste 111 11111111 111 11111 111 11111111
111111111111111111111111 11111 111 maris 1111111 1111111 11111111
1111111111 11111111 11 111111111111111111111111111.

Det 1111111111 1111111111 11111111 11111111 1111 1111 1111 bc:
111111111111 11111111111111111111111 11111111 &teia (1728 -
1792), 1111 11111111 (111111. 6111111111 111 1111111 111 111,
,1111111111 1111111111. bem 1111111111111111111 1111111 1111 111111
1111 1111111 111111 11111111 1111111 1111 ,111111111111111111111
111111.Ει’11111111711111111” 111, 1111111 1111 111111 11111111 11111
1111 &piet 1111 1111 111111 1111111 11111 ,1,1111111111 1111
111111111111 1111111111 1111, 1111111 (11111111 111 1111 11111111
1111111111 ². 111111 1111111 111111111 11111111 111 6111111111 1111111
1111111 11 111111 1111111 111111 1111111 11111 1111111111111 11111111 ba:
11111, 111 11111 1111 111 1111 11111111, 1111111 1111111111 1111 1111
[eine 1111111 111111111111111 1111 1111111111 1111111111 ist
(11111111 1777111

1111 111 1111 1111111111 1111111111111111111 1111111 1111, 1111111ιί1
111 ὔ1111ί1111111111111 1111111111, nun 111 11111 111 111 1111111111

1111111111 111111; 1111 111 11111111 1111 1111 111111, 111 11111111111111.
11111 id» 11111 1111111111, im 1111 111 111111 111111 111111 111111111111,

11118011, 111182, 31111901.

 

