11111α111 11111 111111 11111 11111

&intonit 11111 ζ31111 17861, 1111 1111111111 1111111 1111111111 1111111
mm 111 1α11111111111111 1111111111 1111111, 1α111111α11 11111 11111
mmm 3111111111α11111111 11111111 11111111 111 1111111 1111111111 11111111

1111 1111111111111111111111111111 11111 1111111 Non pi& andrai! 111
11111 1111111111 1111111111 1111111111 11111111 11111. 111111 111 augete
111111 11α1 1111111111] 1111111111111 1110111α11 111111 11 11111111
1000114. 1111111111111 111111111θέ

1111 111 man 111111 1111111111 11 111111111111111, nie 1111 11111111(
111111ωωί916 1111111111, 111 sein 1111111111Ε1111111111111. 11111 1111111111 111
111 {ut 1111111( 1111 mir 111111 1111111111 11111111, 11 111 α1111111111111111

11111111111111 1111 bus 11111111111111111 &piru 1111111 1111111111 11111111
11111111111111111111 α111 11111111 &telem 1111111111 einer 11111111 11111111111 911111

Det ,0111111111111111111 111111 111111111α1113111 11111 11111111
1111111111 311111111111111111111111ς 11 11111111 11111111 1111 11111111
11111111 1111 1111111α111111α111116 11111 1111 111111 1111111111 11111111 11111
1111111111 1787 (11111. 501111. ‘Rath 1111111111 1111111111 1111 auth
1α1 1111111 1α1 11111111 11111 1111111111 111111 1111111111 gum
1111111111 gab„ 111 11111 gest 11111111. 01111111 1111111111 11111111
11111111, 11111111111111111, 111 ibn 11111111 11111 1111, 1111 111 Sbruger„
11111θ1111 111 11111111111111111. 1111111111 111111 mit 11111 einen 11111
trag ab„ 11111 11111 11 111 111 1111111111 0111111111 111111 1α1 11111111
&onorat 1111 100 91101111 11111 0111 111 Pomponiam 1α1119. {sm
1111111111 1111111111 11 1111111111 111111 1111.

11111 1111111111111111111111 mag 11 111111111111111111 111 1111111
um 11 1111111111111111111111111 1α1111. 1111111111 1111111 11, 111111
11111111 1116111111, 11111111· 11111 111111111111111111111 111111 (111111,

16. 1. &398 2 61131391. ³ 11α11) 0111111111111111 111 1111111111
1111191111111111111111116111111111111111111619, 111015. mm.
δῦ. 1. Θ. 1251. 76, 1. Θ. 401. θ111111α11164411. Qun 11111111 111
ι1111111111, 11111 3111111887, Θ. 17. ς11111α11 1111111111111111 111 11111 „neuen ‘lssittssz
111111 (1111111111111111) 11111111, 111 1111111111 1110111111 111111) 111111111111111
1111 111 111111 11 111111111111111911. &r 1111 ibn 111 111 1111111111 11111 11111 ein
1111111111 {bema 1111 111116119τεί1 1111111111, 1111111011 11111111151111111111
11111 111, Qud) 11111111 1111111 111111 {bema 1αέ (1111110111 111 1311111111] bus 11
nur 1111 gang 111111111111111111111 11111111, 111111 111111 1111111α111111111111111111
1111, 111 1111111111 1111111111 11111111 111. ‘Jahn 111ῖ1111111 11⁴ 17411, 11111111
11161111 111 1αέ {mbr 1791, 111311111111111111111111 111 zicus. 1ἕί1111111 1111
fid) 111111 1111111111, 1111 111 211111 1787 1111111111 111111111111111111111111111111111111
11111111 1111111111, 1111111111 1111111), 111 1111111111111 111
ι1111111111 1111111111 1111111111. 1 1111111111 Θ. 28·

 

