ὼ

9199999 199 3999999119 9119 99991 ἓ9999999 9129 19111

555 5515555555515³ 555 5555 555 515115 91999199919919 555 551'51551155551'555555
515 991919 11 99911999 99919999 5555 99 9919919919 C55555111155 555 1199999999
99919199 999911, 5555555555 C5555 9999999999 199999 991199999999911991999
9999191 9999999919 115 9999991 99991999 99919999919999999999999999999999
9999 5555515515 1119999999 5155 555 9991999999 9999 11151 551 9999919999
9999999 0551551515 99999991 55115 5515 9919999999 5151155151'5‘5555555(5555115'5'15515515
91999999 99911999 9199199991, 9199919 1119999999 199 C55155555515 5555:
99999999 9 555 C5551555'155 555 9999999119 99999 19999 9999999999919 9999999 99999
555 5555555„ 555 5555555 555 999 5551155151'551 19999 199999 999 51'1555
C5555551 5515 999999999991199999999 99991 99999999 99919 9999991999 9999 5511:
9999199999 5555551555555555 11999999,

Ξ9999999 99999999 99919 9919999 515 99999 9999999 91999 (1299 199 91999
15555 9999 2555 91199 C555111555515555155555555„ 919 155155 555 5555 551
19999999 9999 9999919999 C55555115 5555‘15551515555155515555515515555555552
55555555555 355511„555 55555 51115555555551'5555 5555 1199991 9919999 19999 9999 9 515
1999999999 1991199999. 91199991 5555 999919 1999919999 999991 555 5555„ 555
55 99919 9999199999 99999 199999 9919999 55555555'55555 91919 99999 19999 91999999
555 (5555551'15515 999 1991999911, 555 19999999 991999991999991919999999199999199
191199 99991 99999999 5555 99919999 99919999 55 555515 5555'555555 55555

99199111999199 9199999999 51555 99991999 9999 9911 555511551'5555 ’99999199 9999999199,
C5 1555555 555 9999199999 999 9199 99999991991999119991999999199 9199999

9991919999, 555 9991919 999 9919999 99999999 555 1155155515 9119999999919
9119999999 555555555 991,99999 9199919 5555555 119999991999991 99 99991999
99999 55 999 99999919 5‘15551115115111511 55555 5515 551555 919999 9199999 5515 C511115
C55'5151555 5555 9999919 5155 59919919 5155 999 99919999 55555555 91999999 555-
515115151511. C1'5 5515 99919199919919 1555 9999919199919 555 5555155 11999
19919999 11555551155C55515555515C151l1515555111 551 555 91199999 99999 555
5555555555 9919919991 99991 55555' 55555 199191919991119999 9991999991.
99999911 199991 ’1999919999 919 99919119 99991 999919 9999991999 11511555555555511
55555'555555555'5155 5555 555555'55555 9111999919999199919 5111 199191991199
99991 51151155515555 (1555 9999999199 555 99999999 5115 5555555555151'55555
555 1999919999 19911 551515 55 55111 99191 5115 51155555515
Ἣ-

1 1999999999 1155 ,9999911 9999 9199991199 9191999999, 1119999999
15555555: 999999,- 5521151555 5111 1555511551151155555551.C3255„ 5515 9199199911 91999619

9999919999 555 13515551515515555. 1199 555555555555 99999 9999999 5515 2919999 1551 555
919999 115 1119999999 9919999 919 1999999 ‹1555'5551151511 11115 „15555511 55515111155555551151 5155.

99199999 99999199 551551555555551555C55551 51115 1155551555515555 99991 11511 (1199999999 9991991191 9199999999
11511 11911111 [1911991 9999991999 5551. 31551 1119119 1191 9119 1119919, 19999 ‚555

999

 

