' 1111111119 111 Mitridate 1911

111111ιῇ1911 11111111, 111 111111 1111111111 hurd) 11111ώί1119 1111 9111
1111113 1111111111 111111 (1111 1111111 111 111111111111111 111 111 11111111
1111111 1111. vie &inguinum 1111 &finger 11111 1111 1111111111 111 111111
1181131, 1111111111) 111 Prima donna 1111 Primo nomo 111911 111 Quem

1111111111.

11111) 11111111111111111 111111 11111111 1111111111 ; 111 1111111111
1111111111, {imonis 1511111111, 1111111111, 11111111 1111111111
sud) 1111111β111. &a 1111111 111 &piel 111111 111 111 1111111119
111 1111111111 gelren. ν

Dide 11111 11126. Ώ111111111 uniet 1111191111 11111119 11111. Qut
111111 11111111 nod) 111 1111111119. 11111111111111111] 111111111191
111 111111111111111 1111111111] 11111911 111 11111111111111111
1111111111 11111 111 111111 Evviva il Maestro! Evviva il Maestrino!
11111 11111 1111111111111111111 1111111111. 111 111 11111111 111111
1111119 11111111 [111 1111111111, 11111 1111111 11111111 1111111111 1111
aud) 1111111111 capo 11111111ς 111111 11 11 11111ὐ1111111119 1111
11111 111 11111111 111 1111 1111119, 111 1111111111 1111 no& 31¹ 1911111111
monton„ 11111111 man fid) 11111 fustem 111111111111111111111111
11111 1111 1111) 111111 111111191111111 1111111111 11111 111111 &unbem
1111 11311111 1771 1111111 111 11111 111111 &aa 11111111112

1111011111 111111161111 geht 11111 1111111111 1111111111 1111, mie
1131111111 119111, ist anestelle. 1111 1111 1111111111 1111111 11111111
1111111111 1111 im 11111111 1111 in 111 {agen 1111 11111111 31111111 11111
31111111, mn 1111111111 mit 1116111111111 111 1111111111111111
111111 111 feben begierig 111. ,. menn 111 1111111111 1111111 1111111111 1111
111111 111 Opera im 9111111111 gu 1111111111, 111 [teum 11111111111111 111
11111111 1111111111ιί 111111119111, 11111111, 111111111111111111111111
1111111, 111111 111 11111, 11111111111111111111 1111111111111 1111111111111111111.

Die 9111 111111 11111111 111111111111111111111 11111111 1111 stete
1111111111 1111111 1111111111. Die 1111111111 31111111 (11111771)

1111111111, 111119111111111 1111111111ίῇ studia il bello della natura e
celo rapproeenta adorno delle [1111 rare grazie musicali. 2130th

1111 1111111 111 1111111111 111 11111111 111 Cavaliere filarmonico,
1111 111 Accademia filarmonica 31111111 gemisfetmafien hcfidtigte,
1111111 1111111 111 11111111771 111 11111111111111111111 1111111111
1111111111 1111111111 (weit. 111 D, 3).

Μ

wic 1111111111 11111111 111 111111 11111111 nod) 11 1111111111 1111111, 11111 111
811118111111111 1111111 111111111111111111 111111, 111 1111111111 111111 un,-
11111111 ¹ 11 m 111 1111111 811.

 

