, 0111111111 0111111111 519
...-——-—-————-—-——
0111111 1111111111, 111111 111111111111111111111111 11111111) 1111111111,
aba 11111111 bod> 11111 1111 111111110111111111111101111111111
1111111111 1111111111 101111111,111.01111111 (1746-1786);
1111111111 11111 1111111 111111, 11111111 1111111 111 0111111111 11111
1111 1111111111 111 &immet 111 111 111111 1111111111111111 111 11111111
111111111111111111111111111 11111111 8111111111 011111 (1716-1791),
111111 111 01111111 111011111111 95111111, 111 gur 3111 non 1111111111
1111111111111 1111111111 1111 11111111 in 11111111 11111.

aas 111111 1111111111 111111 111 11111111 1111111 11111111111111111
1111111 1111111 (11111714 1111111111 111 11111110. &t 1111 01111111
111 1111 1111 1111111111 1111111111 11111111 0111111111 11111111, 111111
111111 1111111111τῇ 1111111111 1111111111 01111111 1111111111 1111111,
1736 mit 2001111111 0111111 1111111111 11111 111111111111111111111111
mitgenommm. 11111 11111111 1111111) 11111111 in 1111111111 6111111
1111111111. 1738 fang 11 bei 111731111101111 1111111 1111111111 11111
1111111 1742 1111) 111111 11111111, von 111 111 11 11111111111111111111

111111 111 111 1111111111 12111 1111111111. 01111111111111 111111, 11111111
1111111 3111 111 1111111111 im 1111111111 von 1752-1755 11 11111111,
1755-17591111181111111110111111111 111 01111111, non 1759-1769
in 01111111. 11111770111111 111111111111101111111111 guthae. 1111
11111 1111111 ibn aussorbette, in 1111101101 1111111111, 11111111 111

1111111111 11111111, 11 111111 1111) 1111111111) 1111111111, 1111111 111 1111111111
mit 11111111 1111111111 1111111111 1111111111 1111111111. &eine 0111111111
1111111111 &thubam 11111111111111111111 111111, 1111 111111 111111 11111111,
1111 1111ἰ1111 111 1111111 bis 111 111 01111111 111111111111111111111111
1111 11111 11111. 11111 1111111111111111111111 0111111111 iu 1110111111
111 01111111, 111 1111111 11111111 11111111111111111111111 8111111111

¹ 011111, 011111 11 71, Hist. osmus.1V, p. 481, 1081. 0111111111, 1111111111
3142. 111111), 1111. of mus. 11, p. 111. 1111111111 1. 11111. 11, 1114,
² 1311111 1110111111 Ι, Θ.100 ⁸ 011111, 01. 111. 111789, 11111111 01111111
1111 311ίῷ111111 111 seiam 0111111111, ’111111 11111 11111111 1 1. D. 3111 111111τεί111
»11111113 11185711. 1011111 Θ. 23111. ‘1749 1111 11 iu ‘l'ssieu in 3111111011
0111111111, 1111111101 opp. 1111111319. 111111ῖεί111 11111111 &fulge 111,
mavum. 031111110131111801, 1278. 01 1111111 11111111 11111 11111111 0111
bem 1111 1111 sum 701111 §fit 111111 0111111111 1110111111 1111011101 ubuum
⁸s)i‹= 1111 tt 1707 11111 0711111111 mianum 11111 1111 1111 bie 1111111111 1111111111
wigmanni 111111 [tium 01111111 1111 111111 1111111111, 1111111 ben 111111111011111
1111111111 1111111111ῐί1 1111111 1111111, 0111111. 10. 0111111114. 1 611111
1111111111.

 

