ψ

34 1111111111111131111113113111131

elue* 111 11111111 11111 111 1111131111131 111 1111 11111111 111 111
’11 C 11111. 31111 3111 111 111311111113 311 1111113 111 111111 1111311
11113 3111111113 11111 1111111111111 11111 ’1111 31111111 1111113111111111131111
ι11111. 1111111 1111111111 1111111 11 111 1111311111 Ε1131113111111111111131
1111111 1131111 11111 31111113 11111 111113 1111111131111311111311111111111
311 111111111111113 11111 11111111111111311 11111 111111111111111111111111111

3111113111111111111231111131111111113111111111131331111111111111111111
111111 1111111131 311311 1111111311111111111111 1111 11111 1111111111 3111131111
1111 1311113 31111 11311111. 1111113111111 11111 1111111111 1111111 3111111111
111 1111111111 111111111131111 11111 111 1111111111 111111 ῐ1111111311111 111 1113111
111111 1111111111 11111111111111111111111111111111111311111311131 1111111111

31111111113111131111 1111111111111111 11111111111111111 111111111111113 1111113111
11113 311 111 1131111111 1111111111 1111113111 1111ῧ1111111111131113 11131111
1111111111 131113 11111 1111111111 11111 ἕ11111111111111 [1111111113 111
11111113 1111 11111 11111111111111 111111111111111111 111111111111113 111311
1131111111 111111 111 111111111113 31113 1111111 11111111 111 1111 1111111111
11113111 11111111111311111. Me 1111111111 11111111111 11111111 1111 eben
11111 111111Ε111111 1111 111111 31113 11111111 1111111111 1111111111
1111111113 111111311111111111 111111111111111111111 1111 111 111 1311113111 11113
1111111111 111 31111111 1111111111 Cpiel 11111 11111111111111111111 11111161 11111
1111113111 Co 1111111 3111111 111 1111111311 1111111 111111111111111111 1111
11111113 111111111111111111113 Ceben 1113111111 1111131 11111 1111
ι11111111131113111111111111111111111111111131111311111111111111111111
3111113 11111111111111111111111111111111 1311111 1113111113 Ε1111111111111 1111
111 211111111111111111111111111 ἰ11111311111311111

111 [11111111111111111111111111 11111111 11111 1113111111 1111111311111
1113111111111111111111111111111111111111111111111111111311111111111
1111 111311111111111111333 11111 1111113 1111111113 111 11111 11111113 11111 111
1111111111111111111111311311111111111111111Ξ11111111114.1111111111
1111111111111111111111111311111111111111111111111111111111111
1111111113111ῶ111111 1111 1111 111111111111111111111111111111111111111111
111111111111111. 111111111111111313 111111 11111111 11111 111131 1111113111
a—-d

ι v ’. 111111111131111111111111111111111111131111111υ111144
(1111133111 1 1111111111111111111111111131111111111111111111111Ξ1741·
η’1111111,1111111111111111’11111111111111.1133111111111111131111111111111111133113111111,7111-

’11111111111111111111311-1ὲ131131131111111 ⁴2¹ss<ss 41
’111111111111111 111111 11111 )]113111111·11111111111 ’111113 1111111 11111 111111111311111 111 11111111
1111111ἴξ11ἐ113731ξ3111111111111111 311111 111111111131111111.

 

