278 11111111 1111111111 -

11111111 111111111111111 111 (1111111111 111 1111 111111 111111
111111 111 11111111 im Lucio Siila 111111. ,

Die 111111 in 1111111111 11111ίὶ1111 11111ί 1111111111 11111111
11111 um 111111 (11111 1111111111 1111111111 11111111 Dm
:311 111 11111 111 &iiiia (19) 111 1111 11111111 111 1111 1111111 111
Mitridate, in 111 1111111111125) in 1111111111 1116111111,
111111, 11111111 111 19111111 111 alten &wentini 111 111 8111111
111 31111112 erinnem. 311 11111111 111111 11111111 fici) 111 11111111
nur 1111111 111) 1111 1. 11. 111 61111111 111 61111111111123Μι1
111111 11 111 11111111 11111111 111111111111, 11111111111111111111
111 111 11111111, 11111111 11111 11111111111611111111111111111
Θ. 144), 11111 &initui 111 11111 1111111111111111111111611111
1111111 1111111111 11111.

11111 1111111111111111111111111 1111111 11111 111 911111 1111. 111
1111111 11 2, ΙΙ 2) 1111111111111111 1111 11111111 111 1311111111
&gene 111 ὓ1111111111111 1111111111 11 gestium 1111111 11111111
1111111111 su 1111111111, 1111111111111. ilud) 111 1111111111
1111 111 11111111 ς11111111 11111) einen 1111111111 11111111 111111.

Die 1111 1111111111, in 11111 111 11111 11111111111111111111
11111111 111113) 1111, 1111111 11 11111111111111111111111111111111
11111111 1111 &tile 1111111111, 11111111 1111111111 11111111
1111111111111111 1111111111 111111111111111111111111. 1111 111
Largo 17) 111111 eine 111111 1111111111 111. 111-21111111
111111, 3-4 1111111111 (4 in Datnpofnrm), 1115 11111111111111
111111 mit Minore, 111111 111 ›Finaie‹, in 111111 Minore 111111
1111111111 1111111 11 1111 1111 11111111 1111111111. 1111111111
111111 1111 111111 1111111111 nati) 1111 ›Contredanse‹‚ 1111111111
,1111111111 mit ’11111111 1111 1111111111 11 1111111111 1111111114.

aas 1111111 11111111, 111 1772 111111111151111 di Scipione
(Mi 1261617, 71111111. 1111111111 11111111111111111111111111111·
1111111 11111111 aad) 1111111111 1111111115. 1

¹ 311 11111111111111 116) 22)111111 111 11111 zeii 11111111111111111111111
111 111 1111111111 nugatam 111) 21111111111111111111 auf. 23916311
11111111 mur in 111 1111111111 1111111111111ὓ11>111111 1111) melitina) mmmm
1111111 ›Alessandro‹ (1. &mii 1, Θ. 255, ³ 11141111111111111 1111111111(
111111111111111111111111111, *21112111116111121111. 51111111
1111 111111 1111111 Somnium Scipionis, 111 111111 im 1111111111 1111111ώί1111 ΙΙῑι

³ 111111 111111111111 111 11111111 111 &iius 2111111111 1111111111) 111 im nuncium
111111 1111111 Punica 1111 &cipio 111 Virtus 1111 Voluptu 1111111111 111 iliu imm*

 

