,ι · Die 11117777 &insanie 147

1771771777, bie 7771 1711771171 771177ῢ17177177 177711117771771717.
Des 1111917717 7777 171 71171117171171717977 177117771111177

eumenum 17 117 61717717. 117 771 1717 1171 mee 1⁰1 7717 17111717
1117117771117,,117717 7711171717 17177, 7177171717Ι 1177117771779
777 77111117717177 771 171717717171171177711777 eber 7777 117
719777171171717779171 7711 177 177 17 113177, 177 11711171771717777177
1171111771, 1771971117 777717. Die ffilfete 177 6777717777υῇ1 771
177 neue (117111, 177 7717117117 7771 1711761717717717179, meren
7177 7171119177 97171171717177171977. 1171171171 7711179 1771117177
7717117779 777177 mit 717777ῦ71179717771 7771 17 9777177 11717, Det
177117711717 9777711777777 111791 771 7771 771 177 771771711717177
&insaniens 17771711 7777717111 97779, 77197977] em 11171177 771717
ee in 177 {Refice 777 (1. 11177177711108-1772) 7771. Die 17717
1171111177777117111717711777777771771111777τῶ71717117111.1111117777
(1717417771 (e. 777 7771771777717--17771 777 771. &earm
(1726-1787). 1177 θ17711717717 777 111777 771 1777 1711771140
171797 711 771177 771171777771 1171117171 1771171177 1777 17771177 771 17777
1ῧ71171171 717 1111777771 7177 171 17711171 117 1317111191717 177711 17
11177 917171 97711797197777177 77177. 177111 117117 17717 171777
771177 61717777 7771 9717177717. 1117171977 7177 717 117 17797, 71
177 1111777777 17 111177 7177 17 1177717177 177771 17 117 1111717717
7179711797 7777171 111 117 17177 1711111777 11771 1777777777717, 777
1179771711 1777 (17771171 7717177711719779 17 177 7177111179777117
1117177117 7711117119, 7177 1771171779, 17 9711717771 771 177711 11711771
1777777 117717711191717 177 77177 &eece 11771 177 1117977171 777
17717 771 6717711777 1111777117 7771771771 777 777977 117 &item
7177777 7771 171777 1171779117771777117717771771 777111 1771717197,
717171171771171 1717717117 (1711117, 11717 117777 1777177717 771

¹ 1171111 111 1171717797 immet 7771 71717. 6171711777, 1713.Ε7777117177
1177717177 11177777 9717771177 mie 177 1771771777 171 1117777771 17 117 61717717
77171171 1771 9777717177 17171 7717117 117 1177777779 11777 7177771791171 1777
menetey 1777 6777711717 7771 171771 1177 1711117. 111717779779 1717177771777
1177111717 7771 771 1777 11117771777777] 171 17717 6117 7711ἶ1717 777177717771177
7771 7771171779 en 177 1117177777 171771771 1777717977. Uet 17717717 1777711171
W Me 1777 6171177177 1711771177 7777 117119 17 177179 171179771171177777
,6171777171 ,177717 77177. 7777771717 7711717777 Se 11 117 11777177 in 11177 777
111. 6111177 ent 1777 37177 1722 71177711 7177 7797177177 61717717, nur 171
”³33⁸ M 1111 717 menum 1797111177 77171, - eie 1717771171 Β71117171117
117 0777111771 177 vinee. 1191, 1111117177 une ,1. 1771171777 e. 70.

10·

 

