ὼ

Dav 1111111111111 491

1763), 11 11111 ,1111111 11111 11111) 11111111 111 11111 1111111111,
111111 611111) 1111111111111111111111111111111 11111111) 11 111 1111111
111111111111111 1111 1111111111 1111 11 1111111 11111. 11111111
1111111111 1111111 111111 1111111111 11 111 1111111 1111111 111111
(111111 9 3111177811 1111 1111 111111111111111111111111111111111
11111 1111111111 111111, 111 11111 111111111111111 11111111 111 11111111
1111111 111 e, 1111 111111 111 ιιι 11111111 ,1111 111 1111) 1111111
111 111111111111, 1111 mir ῢ1111111 1111111 111111-111 11111)
[1111111111 11111111111111111111111111- 11 111111 111 11111111
111111 111111111111111 11111 1111111111 11111-111111 11111)
1111111 111 11 111111111111111111111111)111111111111 1111111
1111 111 1111111111 1111111111111111 111111111111111) 111 111 11111 11111111

111 11 1111111 1111111111 11111111111111111 1111111111) 11111
111111 Qun 1111 111 11 11111111111111111111111111111111. 11111111 1111 111
111 ιιι 1116111111111111111111 111111 1111111111 11111) 11111111111
111 11111111 1111 1111111111 1111 1111111 1111 11 1111111 11111111 11111.
11111 111 111 11111161111111111 1111111111 1111111311111111Η111111111
1111111 111111 1111111111111,1111111111) 111111111131111 111· 1111 1111
11111111 111111111111 1111 1111111) 111 111111111111111111111111 11
1111111. 15111111111111 1111 111111111611111 11111111 11111111
1111111 11111 11111111.

111111111111111111111 1111111111 111 1111 1111111111 1111111111
1111, 111 1111 111111 111111 1111) 11111111. 11111 111111 1111111111
111 1111 111111 1111111111 11111111 1111 11111111 111111111111) 11
1111111 1111111111) 111 1111 111 11111111 1111111111111 111 1111
1111111111 11111.

1111111 1111111 3111 1111111111 11111111 111111 11111 1111
(11112201111, 8) 11111 111111111111111111 1111) 11111111 11 111 11111
1111111111111111 1111111 111 311111 17752. 1111 11111 11111111
11111111, 11 111 111111 1111111111111111111111111111111111 111
111111 &thet 11111111 111ι 1111111111 111 1111111111 111111 111111
111 111111 6111111111 111 Gloria 111 Credo 1111 1111111111111
1111111111 1111111 111111111111111111 111 1111111111111111111111111)

11112118. 1ῧ111361Π208Πι1111111111 11111111111111 111
1111111 1111111111 1111 11111111111111111111111 1111111111 1715 1111 111111 in
bet 111111111111111111111111111111111111111111 111185). 31111 111
11ιί1111 [einen (111111 11 1111 111111111111111 1111111111) 11111111111111311111111111
11111111) ιιιι 111111 &reue 11111 11 11111ιί1111.

 

