111111111111111111111111111 929

111111 111 611111 11111111, non 111 111 11ῖ (1111111111 111 1111111111
111111111111 1111111 1111111111 «maging. 11111111111111111 11111
1111111 11111111 1111 immet, 111 1111111111 11111111 1111 111 1111111
1111111111 in 111111 111111 11111 111111 111111111111111. 611 11111
1111116111111111 111 11111111[1111111>11[1 11111111 1111111111 111111
1111111111 1311„ 111 1111 111111111131111111111 1111111 11111111111111
nub 111111111111111 1111111111 Sper 1111 1111 hem 1111111111 1111111111
111 1111 11111 1111111 mit 111111 1111 1111111161111111111111111111111
111111 1111111111 11111 6111111111111 11111111 1111111111 [11111 111 >Rem
[1111111111 mit 1111 1111111 11111111 111311111111111 1111111111 1111111
[11111111 111 3111111111111111111 11111 1111111111. Die 61111111
1111111111 151 1111111 11111111ᾗὰ111 11111 11111111) mie 111 11111111 111111
1111111111111 1311111111] 11111 1111111 1111 11111 1111111111

1111 1111 111111111111111 6111111111 1111111111 1111111111111111Ν ein
[1111111111 111111111ῑῖ. Da 1111111 6111111 im 1111111111 11111111 11111111
(1211111111 111111111111111 11111 hem 515555521'11'5211 1111111111 11111111 (1911
1111 1111111 1111 11111111111111111111111111111111111111111 (105 11111 Mo:
11111111(11111111111111111111111111 11 1111111 1111111111111111111111
311111111111111111511111111 1111111111111111111111111111111111111111111
11111 6111111 11111111 6111111111, 1111111 11111 111 1111111111 1111 1111111111
(4) 1111111 111161111111111111111 1111111111111111111111111111111, 11111
11111111 1111 1111111111111 1111111111 1116111111. 3111111111 [1111111
bie 5me1'5555525 111111 1111111111111111111111111111611111111. 111 511:
[111111111111111111111111111 111 1111111111 1111111111τέ 111111 111111 ,1111111
11111 111111 &tudes 11111111 111111 11111111 6111111111 1111111111
1111111111 1111 11111 11111 111111111111 111 ’1111111111 (1111111111
1111 1111 (1111111111 asse 1111111 Ξ11111111 11111111111131111111 1111111
111 111 1111111111 555 11 1111111111 1111111 1111111111 11111111 11111111 1111
11111 [11111111 111111 3111111 1111111111111111 1111111111111 [1111 11111111
1111111 halbiu 1111111111 1111 111 11111111 11111 1111111 11111 11111111 1111111
1111111 nur 1111111111111111111111116[111111111111’1 111111111111111111 11111
111111 1111 1111111111 11111111 1111111111 ’1111111111111111111111111
111111111111111111, 111111 1111 11111111 131111111111 1111111111.

611111111111111111111 11111111 11111111 1111111 [1111 [11111111 [11
bem 111111111116,1111111 1181 111 1111 1111111111 111111, 111111 11
1111111 eben 1111 11111 11111111 ’111111111111111 11161

311111 11111 11111, ³111 11 1215
11111111 11111111, Ι. 59

 

