Hffssffffun

,555 333 555555 5555 555 5555 555 5555555 555555

m... 5555 5555555555 555555555555555 5555 55555555 55555555 55 5555 55
5555, 5555555555 555 5555 5555555 ,5555555555555555 555 5555555555 55555555,
55555555 555555 55555555 555555 555555555555555 55555, 55 55555 5555 5555,
55555 55555 555 55555555 5555 55555555 5555555 5555 55555555 555 5555
55555555555555 55555 5555 5555555555 55555 55 5555555555 555555. 3333
555 55 55555555555555555 ,55555 55555 55555555 55555 5555555555 ,5555555
5555555 555 5555555 55555 5555555555 55555555 555555555 ,555555555555555 5555
,55555555 5555555555 5555 5555555 55555 5555555 55555555555555 555555 555 555
5555555555, 95555555 555555 5555555 55555 (5555 555 555 5555555555 555555,
5555 555 555 5555555555 55555555555 55555 555 555 55555 555555 5555555555
55555555 555, 9555555555 5555555555. 555555 5555 55555 5555 5555 5555,
5555555555 555 55555555555555555 5555555555 5555 5555 55555 5555 85555555.
5555555555 55555555 555555 55555 55555 (555555555555555 555 55555555
5555555555 55555 333 555555555 55. 555555 55555555 555555 555 55555555 555555
5555555 555 55555555555555555 55555555, 5555555 5 55555555 5555 555 5555555555 55
&33333333333333333333 5555 5555555555555555 5555555555 5555 55555 555555
5555555555 95555555 5555555555 5, 55, 55555 555 555555 5555 5555 ,5555555555
55555 55 5555555555555555, 55555555 ,5555 55555555 55555555 55555 55555555 55
555 95555 5555555555555 555 5555555555 555 9555 55555 55555 5555555555
555, 955555 5555 5555555555, ,555 5555555555 555 ,5555555555555555 555
5555555555555555 55555555555555555 5555555555 55555 555 5555555555555555555
5555555555 555 5555555555, 55555555 3 5555555555 55555 555 55555555 5555555,
5555 5555555555 55555 555 55555555 9555555555 5555555555555 55555555,
55555555. (555555 555 9555555 55555 55555555 ,55555555555555 555 55555555
,55555 5555 95555555 55555 555555, 555 555 ..5555555 55555555 55555555 5555555
55555555 55555 55555555 5555 55555 55 55555555 5555555 5555555 5555,

55555 ,(55555555 555555 5555 5555555 55555 5555555555555 555555555555555
555 5555555555 5555 55555 55555 ,555555 555555 5555 5555555555 5555 555555 55 5555555
55555555 555 55555555 5555555555555 555555 55555555555555 55555 5555555555555555.
3333 555555 5555555555 555 5555555555 5555 55555 555 5555555555 55555555
5555555555555 5555555555555 555 555555 555 55555555555555 5555555555 555 55555555,
,ΙΙιΙΙΙΙιιΙΙιι

5 555555 55555555 5555555555 55555 555 5555555555 ω, 55555555 ,(55555555 5555 5555555555,
55555555 5555 ..33333 3333 ‚333333 55555 5555555555 555555. 55 55555555 55 55555555..
55555 555555 555555555555555 5555 5555, 5,(,555555 5 5555555. 555555 55555555 5555555555555 03 33 555

5555555 555555 5555, ... 555 ..333333-3... 5555 5.5 ,5,5555555 55555555555555555
555555 ,555-,5555 55555, ,

..3-..3333 555, ..333 333. ... ,, ,, 5,,

55555555 5555, m.3.3333.. 5555555555 (,. 55, ,5 ..3.«3. 3 ..3.

 

