1072 3111111111 11111 &magistet

Ἢ

81111118111111, 11833 &teins 3. 91. 01911111 3111111111,
1811111118111111111111111111111118111111, Π631 Ι 3301, I 6381.

1311116111, &mutesco (2811111111), 1231 &eim 231111 8111111, 81111111 1111 391.
1811111111, {Dies 11 864 611111, 15331.

18111111111111111111661, 3111111111, 0111116, (81111111ρί111, 2111
3111111111, 611311111111111 in 21111111 1111111111 1111 ς31111111 6161111111

1111111, Ι 5841. 1 93511.
8111111111, 81111111 31111111, 6111111111 8111111, 3111313111,81111111111111111
31111111 in 3111111111, 8116111 111 3311111111, Ι 572
18111111, Ι 586 6111118119, 1811811, Π 8532
8111111, 5. 9„ 11 757¹ (8111111111 Π 416
(8111111011 {umbe 1 559. Ι 743 6111111, 21111., &fingam Ι 876
&habmus 36111111, Π 442 (6111111111111 im 18. 39898.. 311,
&effingens (8111 1111, 11111. 0111111111, 13321.
(muner 33111111, Ι 614. Ι 709³. 61111, 50111, 11625
1710 81111,(1Ξ11)11111)111111113111111161111636
8111111111, 01111111 wattenbach. 913: 18111111, 31111111,611111111,Ι1002.11014.
11111611 1111 (3111111111, Ι 4. Ι 356 Π 105, Π 368. 11404. Π 413 ,
181111111111111,1811111,81111111111111,13902 6111111, &repham 8111111116, 1 1002,
1311111111, 509ss 1111111111, 1 31011. 1152
1211111118, 3. 1111, 1873. 1 10135 1611111,311111111Π61111111111111111,18861.
’61111111 3111111111, 3111111111 1111 3111111111, 1 1003
157 3111111111), 3112, 6111111111 bet 28111111
8111111111, Dr„ Π 855 (81111111111111111, 1 24 2. 1 872
18111111, {enoria Ι 877 &traua 59. 5.. Π 764. Π 8321
1811111), ἴς. ἕξ, 1 478 3111111111, 81111111,811111181111,31191ι11ι
6111111111 ,8111111111 3111111“ 1 39. 1355. 1111111 6111111111, Ι 3301. 1 540
112601. 81111111111111,111134711Ῑῶ1.
811111 ΙΙ 564 61119111, 2111611111, Ι 405
&vicimum 111111 111, 11 82 1111111111, 1111111, 1111111111, 1111.
&afilem 21111111, 8111111111ἰῇ, 1 1032 Π 129
8111111, 3111111111, 2111, 11 164. 11 254 1611113111), 3111, Π 407.11412
111111, 111111, 1 999 ψ ’11111 1111111111111,1113
31111111, 0111, 1 333, 1565 (Quarti. 11111111, 61111111111207
Ε11111111,ῗ111111111,1)111111111311111811111 &uites 1111 731.
&buln 1 91. 133. 1322 f. 1565. 3111111318.. 1187
8111111119 11111111111111111 16581. (5111111111, 181111, 1111111αηί71 in 1111111,
11 232. 11 407 1 830 .
8111111111, 8111191191 111 8111111111 6111111111, 111111, 81111111 31111161»
immae. 3111111111 111 1171111 1111111611 Π 5487. Π 553¹. 11 638. ΙΙ 711. 11846.
3119111111, 1 311. 3111111111 1111111 Π 851118729.

8111161111 Ι 317 ἣ. &mittem 3111111 1111, 83111116 (81111111,
8111111811), (8117 3111111), 8111111111 in 1 873. 110135. 11 861. Π 617. Π846
1311111111, 15261 724 Ι
8111111, 311, 6111111171, Ι 16. 1147. 111111, 511111, 7111111111 111 81111111 111

1111111111111111111 11111111, 11 989
&testam 3. 11, 811111111111111, 1 254, 11111111, 3111111111 iu 311111111131

11 258 ' 1111111111, (1111111111, 0111111111ωαί0,
31161111, 1111111111111111 3111111111 1192

,111111 1 227 1111111, (1., 1391. 1348. 111111111-
331101111111111642 1111111111, 1111111111 Ι

 

