ss

1111111111 IX

31111 1906-1911 11111111 11111 111111 1111111111111111 111 mort!
(11111111 1906), sm. 1111111 (1111111 191011111111111 (1111111
1910), Q. 611111 (1111111 1911) 111 111111111111111 1131111111
1111111111 1912). θ111111111111111111111111111111111111 111 11
161111111111111111,,11111111 111111111111 111 11111
11111111, 1111111111 111 1111111, (1. 11111111 1914, 111111111111
1111111 1111111111, 111 11111 111 11111111111111111111111111111.
Die 111111 11111 1111111 11111111111111111, 11 111 111111 1111111111
11111 11111111111111111111111111111 11ς 1111111111 111 111140, 111
11111111 111113, 1111111111 11111111 mit 4 111 1111111 11111 7111111
11111111, 111 ,11111111 11112 11111111 11111111. Ξ111ῖα1111111 11
111111111111111111111111 11111111, 111 gang 1111111, 1111111111111
1111111111 11111111111111111111111 1111111111. 9111111111 111
11111111111111111111 1101111111 1111 11111111 11111111, 111 111111, 111
11111111111111111111111111 1111 111 11 111 15111111 11111111111111
5111111111111111, 11111111 1111111 1111111111 11111111111111111
1111111111. &o 11111 1111 111111111111111 11111 1111111 111, 111
11111111111111111111 1111111 111 1111111111 1111111 0111111111111.
1111111111 1111111111111111111 111 111111111111111111, 1111111111
111 1116111111, 11111 1111 1111111 111 1111111111 11111111, 111
111 1111111111111111 111111111111111 111 11111111 11 111111 111
11111111011111. &e 1111111111 1111111111 11 111 0111111111 111
11111111111111 11111 1111111111111111111111111111, 111 111 11 111
1111111111111 111 11111111111111111111 jener 1111 111111, 11111
11111111, 111 111111 11111111111111111111111111111111111 11111111
11111 111111, 11111111 111111 11111. 111 1111111111 11111 not:
1111111,11111111111101111111 1111111111 11 111 11111111 11111111
1111111111. 11111 1111111111 1111 11111111,111 11111 111 1111111111
1111111111 111111 11111111. 1111 11111111 11 11111111111 11111111
11111111111111111, 111 111 111 1111 11111111 gu 101111 1111111.
15111 111 111111 11 11111111 1111111111111111111111111, 1111111 1111
111111111111111111,111 111 1111111111 1111 11111111111111111111
1111111 111111111111111, 111111 11 1111 mit 111111 11111111111111.
1111 111 91111111 1111 1111111 11 1111111111, 11 111 11111111 111111,
111111111111 1111 111 1111111111, 111 1111111111 11111111 111
1111, 11111111, 11111111 111 1111111111111 11111 1111111111 gu 111111.
1911 1111 11111 1111 1111111111 111111 111 1111111111, 111 1111111111
1111111111 1111111111 111111 1111111111111 11111111, 1111 111 1111

r

 

