1014 1111111111, 1111111 11111 1111111111

30 11111 111 11111111111111111111111111 1111111111, 111 11111111 111
1111111111 11111111, 11 1111111111 1111111. 1111111 11111 11111111, 1111111
1111 1111111 11111111 111 111 11. 1111 21111111 111111111111 11111111
111111 1111 0111111111. 450, 451, 1111111. 15,16) 1111111111,11111111
11111 1111 1111111111 111111111111111111 1111 111111110111 1111111, 1111 11111111
1111111 1111 1111111 1111 11111111 1111111111 1111111111111111, 1111
1111111 111 11111 1111111111111111111111111 111111 1111111111111111111111
1111111111121,111111 111 1111 1. 111111 1111111111 1111111 11111111.
&e 11111111 u. 1. 111 11111 1111111111 111 01111111111111111 11111 11111111
111 111111 (1111412, ὅ. XVII. 111111 11111111111111111111111111
,111 111111 111111 111111 111 131111, 1111 1111 111111 111 1111111111 111111 qe:
1111111111 1111. - - Ξ1111 1111111 11111111111311 11111111 11111111
1111111113 - 11111 1111 1111111 11 1111111111111111111 1111111111 1111 111
11111111111111 5¹1 1111111111 1111 111 1111 1111 1111111 1111111111 111
111111 &pmcn — 11111 1111111111111111111111111111, 111 11 11111111
31111111 1111 1111111111.

1181 11111111 1111111111 11122, 1111111 1111111 1111111111 ,1111111
1111111111 1111111 111111 3111111 1111 1111111111 1111111,1111111111111,
111 1111 111111 61111111111111111111111 111 1131111111 1111111111 111
1111 11111111 (1111111110. (111111111111111111 11111111 111111111111, 11111
1111111 11111111 1111111111, 111 11111 111111 111 150 15111111111111 1111111
11111111 11111111111111111111111111; 11 11111111 111114. 1111111 1111111
111 11111111111111 ,011 11111111 1111 1111111111111111, 111 1311111111 1111
11111111. 1111111 1111 1111111111 11111 11111 1111111111 11111 1111111111
11111111 11111 1111111, 111111 1111 1111 111111 111111111111111111111111111

11111 1111111111 [M. 4116, ὃ XVI. 20], 111 111 111111, 11 1111

111 11111111 1. 111111110111, 1111111111, 11111111, 1111111111, m:
111111, 11111, 1111111, 0111111111111] 1111 111111111111, 1111111 111 1111111111
111 ,1111111111 1111111111, 01111111ῇεὶ1, 111111), 1111111111, 11111111,
1111111111, 1111111111, 1111111, 1111111, Θ111111111111, &tamenn
11111, Ι1011111111 11. 1. 111 111111 11111111111111 1111111111, 1110111111111111
1111111111, 1311111111, 1111111111, 11111111, 0111111111, 111111 111 1111111111 111
1111111111111111,111111111111111111 1111111111, 1111111111, 1111111, 111111
111, 11111 Ξ1111111111111 1111 (1111111111 1111 1311111111), 1111111111, 1111111,
11111111, (11111111, 11111, 1111111111, 111111, 1111111111, 1111111111ῐῦ -
11 1111 1111111111) 11111111111111011111111111 11111111. ¹ 111111,11111,1 2311. 11111,
01111111111111111161601. 211111, 11121811. 115 Π249. ‘Qut

1111111111 1111 111111, 11111111 11 115, ⁶ 11 11 2501. ⁸ ffi 111 297.
³ ffl IV 299,

 

