1511151151 1155 5155111111 11155115 551

2551151 1773 1515115155111 15111, 511115 meum 15151555 111151
5111111 151115 5111111 11515111, 15551111 aud) 11551 &luds 11111111
11111111. 11111 15115 111115 5155151555111151155151, 511 11511151551115
55115555511511 umet 5111 Dichter 1155 515 5151511511191 5151511159
1151111 1151115111, 5115515151, 11115 [eine ,7111115 551155551511551
5111515111 1111111111, 515 ia 5515551151) hurd) 15115511511151) mit 51115
11511 (1111511515 5115155155, 515115 11111511111515555 fiber 1115

5111551511 ῧ11111111111. 5151511111) 1111511 11111 1111111 5151151555 555111
551511 5151115155 ants) 55111515 zabel, 511 5111515151 1511111155
&nnn onnabm³5 51511 5115555151 551155155151111 von 5151511515,
1111111511 55515111111111 1155 5155515515 355, 1555 51191511151115
gu 1511155111 5115 1511551151 511 &unge 111 1111151111) 1155 1111115194.
1115111111 511111 5111551151111511 511111111111151111555 511111 5111111
9115εῇ15151, 1155115115111551151, 5591515 511151 511 1111511111) mit
5151511551 511 5595511151 11511151 551551 551 5515111551515555 511
ί1151115511, 555 1511155515111, ist 55551111) 55511191. 15555515 111
6155111111 1511111511, {ciuem 5115111511 111 511 11111115 &maen 511
(5115515551ηὸ gu fulgen, 5111111555 5511111511155111; menn 1515111
1111111 511555, ein 5511 51111151551511 5151111515ωαῦ5 15551111, fn 111
55155 11515 bem 511111 1511111115 5115151151 511 1311511155 {ein 51155511
5151511551511 (511511155511511 1111515, 11115 bier 151111 1511155515
11151511511559 511 515 11115111 &armen 511 611515111111511). &a
11115 5551511151 5115551551 1155 51111111) 5155551515 515511551115111,
1111511 15515111) 511 5151511551 51511151111111 1511111555 im 15551111. 15
1511151111111,111115511511111151515151151551111,1111511515111515111111511.

Das 1111155111 1111511155 {Bere 55111 111 15111551 555555111951 511115
11115 1511511111 5515 55511519 5115 55 551511115111155151. 1151
13. &agust 1775 5115515155 11511 1511551511 5155111155 5511151519
5-65111115155511. 11155 51511555 551 5591555511511511115111,555
5111151555115111ὓ1111, 515 ciuem Deutfmen 5151111111, mm 515515

¹ ffirief 111 51515, (5111555555 1821), ς111, 160. 3111 11115111 im 511555ιεὶ511
11. 61511511, 1111555555 gu 111111 151515555115155511 1898, 1126. 2 55511555
5151111345, 2231152211. 11151155511155155 (511511115155515555511511
,01111111 1155 5111151151 111511115511115Ε1511155111 (1779), 151. 11151111 Θ. 24.
wie 1111151 511 11115155 &m 311151, 11111111.1511(55151(11111551)1Π 118,
1115111511 511115 1111115551 15515551τεί 5555151151, 11115511651111551 5555 (55-
5555151511111511155,15555511115 autb 55111 (55, §benna 115111, 111131. bk
61111111 511 1111111111 ὅ. 221, θῖ1111115. 1111111. 1775 11116811, Qum,
ἳ11111111151111ι1111775,535, 575, 715, 720.

 

