ἓξὲξ

1078 83101131491041

—————.-.--.---

6113, 311,163419111141111391. 11 6481, 11 6611. 116131, 111341.
13931, 13331. 133911663116661, 116171, 11 622¹. 11 6331, 11 6631,
1636116331,131441913119361, 116691. 11 6731, 11 6761. 117131.
1161811.11619111 11 7131, 117131. 117381, 11 7471,

1111111 11.. 11 1031 11 15911. 11 1711. 11 1361, 11 8101,

0111106113, 6,,116791 ¹ 113161,118431,11 3601. 118631.

63130114, 3., 1 6361, 1 6371 113131, 11 883 1. 11 3861

1301101111, 01, Ι 7641 Ἱο131416, 5,,1821

mmmm. 6. 3. 31, 114641. 11 4631, 3613638 13311, 16361, 1637111.
1430116731 18341

13093111) Ι 866111 6441. ΙΙ 838⁵. Π 8401, 311Πί111, 85, Ι 837⁵
11 8441, 11 8331 3161, 3., 1 3131. 11 7641, 11 3371

1300431363 Ι 8955 zunta Ι 582

610,31,,11361

11013146 Ι 1008 M. Ι 10091, ΙΙ 43³. 0011416181
11 3341, 11 4131 31333 11 4741

6411110111 Ι 10111 ,091646 ΙΙ 5351, Π 5421. ΙΙ 5651

13030113, 8., Ι 1461 1933111316, 9., Ι 221, Ι 2861. Ι 2822

6113661 11 431 13111131 1831, 11941, 11031. 13191.

003131113311,9Ι,, Ι8891 ξ 12921

1030113431, 217.. 11 8911

3131, 6,, 183411, 133611. 11 1341 13611, 0,,16461 ,

13133, 1,, 1 16611. 1 1141

361111, 3, 6., 16601. 166611663113111 1 671, 1 1461. 11311. 11831,
16611114331 1 118311191113081.1631119961.

3433411041 ἓ 110011110094116141, 110161,

3431. 3., 1 191, 1 391, 11091, 113111 1 10181, 1 10471, 1 10431, 110391.
1133111631,11661,11811.11941,’ 1 10301. ΙΙ 43³. ΙΙ 471. 114311,
11601, 13031,1313113171131311 11331,116111181111351111001,
13301, 13331, 13491, 1361113671. 111081, 1111011. 11 1111, 1111611.
13691. 13301. 14041, 1461114661. 11 1361, 11 34011, 11 3441. 11 3671.
14691, 16111,16101,16111,16341, 11363111 6641 >
Ι 54311, Ι 569 1, 1 6182. Ι 6191. 1 916111 0. (8111113ῠεί03 11 711
16801. 16611, 16331, 16911, 1 7161, ι 313311, 3. 8.. 1 212³
11191, 11441, 17311, 1769117641, 3311, 31, 11 911
17311181911,1333113231.31411194110114801
13461. 13661, 18901, 1946119631. 31111111. 21.. 111151
1 9391. 1 9711, 1 9611, 1990111 33131311111111111111181911
1 9941, 1 3961. 110031, 110041. 31111314 11113711
110061, 1 10031, 1 10111. 110111,1313116661
110331, 1 10301. 1 10331, 11431. 31114111 1 9311
11431,114711.11491.11601,11611. 3141,01,,11691.11731.11761 ¹
Π 54⁴. 11 641, 116611, 1169111741, 3413314113εο 1 208¹. 1 2832. 1 3331,
111011. 111031. 11 120⁵. 111131. 13371. 13131, 13671. 14791. 14361.
1113611117711, 11 1331, 111991, 143311, 14391
11 1361, 11 2842. 11 3401, 11 3661, 333311,1331116811164111311.
11 383³. Π 4003, 11 408⁵. 11 4091, 11961,Ι2611,Ι3511.1569146181.
[1417414131114364114431. 1 718¹. Ι 7191. 17761. Π 671.
11 443111463111 4611. 11 46411, 116311. 11771, 111361. 11 8011,
114701114761114301114861, 113741114361116634116731,
[14341143611163611163711. 118601113611 ,

 

