ss

1036 ’ 11111991 XIV

9991119119, in 111 9811119911 (19111971. 135 „311 1111 1111 9111111114
(heure 1991111911 81191128), bie 9111111191111111111111111111 9191111111
11991. Dus 99111111 111111 9111119 199111 1111111111 111 &rubr 91
191111, 9111 ῗ1911119119 245 (11911 417. 91999119 11911 1891119119] 1111
11119111911911 1119111 1111 im 9111991911 111 111111 99111111111111111
11911119 1991199111199111970 (1191813.

XV.

1119191ϊέ §nonnata
[ »11

999 11111119 1191199911 1111111114 111 in 11191111 3111 1911111111
19111119 11111191119111111 19911111. 99 but 1111 11111 1119999111111,
1111 111 91111111111111119119 1111191111 111 91111111191111111911111 eine
991191 11119911 19991 11111191111199111111111 1111 119 11111111 11 ge:
1111111 9111 1111111εῇ1119 919 919911119111119111111 1914. 911 stelle 991
natm 111 111111 1111111 8111111111 in (1199919911111119191 9919199119.

999 11111111 11111 11991119 ist 1111 in §1 9111191119 9111111111 111
9119991119 11111111 9919191911 1199111119, 9111 1791111111 999 11111
11191 1199111111762. Der 111911 11191 191 1119111119191991911111
119 1191111999 1191191111111 mit 9911111111 11111111] 1111 1911 umet
11111 11191] 1111919111 911 111 91111, bie 111111 119111 111 1111811711
111 119111 111 bie 81111 9111119111. Det 1191111199111191115.

5511 191199911111. 11 191999111111111 97991911111763 1111
9191191111 111 91119111 9111111111. Qu& 11111 1911111, 1111111111 1111111 11111
11119119 9911 9111119111] 9911 1111171911 9911 91111111 991 1191911199

1119111911 9111911111) 11111Ὡ119191119 9111111111 11991111 9111 mit 1919111111

118 Π286. 7111191111 ((5.6. 311911111911111 (8191111111.
wimer 9119191111 12241. &rana 31111171. 1991119191 111 9911911919911852,
Π 1171. 991919991111ῗ1111119111, 9111111 1856, ⁴ 9391, 97111111 9111119119
(ἔ. 17911. 91199111 191111. 911111. 5191845, Θ.5841., 1119111111 9911 81111111, Vlla:
19111619919111111111911859, 68611. 1111911989919111618011. 31991191,
9199911119 Qube. 69111919 1887. 911111191911,9111111111914. 81111991,
1111919111 11199111 9119199119116 11111 119119199119111 111111111911111. vie 11111111
1111111 11111 ein 9111119911, 31111131. 11111 9991191111) mit 61111119 1135311,
9111 1917919119 9111119919911119119111 158211, 111 fid) 99111111111191191119111
1111111191 91911181191111111 1119911111 191. 191. 9911 81. &mee 91111911 ’119111
1897, ,1. 4. Θ. 12. θ. 1311911111, Portretten van Mozart' 13999 1909. 51191.
141 (9111191919111111). ffl 1v192. 1111119999916191191191113, 18 V4.

 

