11111111 1111 831
Μ

1111111111 111 (1111 fid) 1111111 111 1111) mehr 11111111 (12). 11111
1111111 11111 1111111111111111111 er 1111 (11111111 111 ιιιιιι (1111111 111
(1111111111 111 1111111111 11111 1111111111 1111111111 111 (13). 11111
rium ς11111111 111 11111 (14) 15) 111 1111111 111 &hister 11111 bie 111
(111111111111111, ein 1111111 (16) 11111111, 3111111111111 111 nuth mie
111 1111111111 31111111 1111111 ihre 1111111111 (11111111 111. Du
1111111111) 1111 1111111111 11111111 cin (1111111111 &turm (17), 111 rin
1111111111 (11111 111 1111 1111111 auf. 3th 11111 111 (1111111111
stanin 1111 111 1111111111111 fifh (11111 111111. 1111111111111111111ἔ11111111;
1111111 1111111111 1111111111 (18),

311111111111111113111 1111 mehe 1111111111 (19), {fumante
1111111 11111111 1111111, 11 1111111111 ibn 11111111 111 ibn 1111111111,
1111111 111111111111111111111111111’111 1111111, 111 gestem 111
111111111111111 11111 1111111111 1111 11 tinem Ductt (20), &a 111111
1131111111 1111111111. 1111111111 1111111 11111111 1111Ξ111111111
(1111111111, 11111111 111111ς 1111111111 (1111111111) 11 (21). 111111
1111111111 111111 111 ’1111111 111111121111111111) 111 1111111111 11
(1111111 111 111 1111111111 11111111, 111 111111 [eine 1111111111 1111 111·
1111111 111 ι11111111 111 (22). ’11111111111111111 111111 auf 111 1111111111
111 1111111111 111 (111111 11ιι 1111111 1119111111 (23), »ms 31111111
[einen Ε111 11111, 11111111 111111 111 11111 (24). &in 11111111 111
&chet 111 111111 (25) 26) 1111111111 91111 ein, 11 1111111 111 (1111
31111111, 111 1111111 1111111 111 3111111111 111 1111111111 1111111 11111,
11111111111119111111111111 1111111111111ς 1111111 11111111 1111 er:
11111 111) gum 11111 111111 (27). ’1111 1111 2111111111 aum 1111111111
1111111 (1111 1111111111 11111111 11111 (1111 111 (1111111111 (111111,
11111) 111111 langen, 1111111111 1111111111 1111 1111) 11111111) cin erafeu'prum
111111111111111111 3111111111 111] 1111 1111111 (ιι (1111111 3111111111
11111111, 111 mit 35²¹ 1111ῐηὶ11 merten 1111 (28), &nstra (11111 geru:
1111111111 111 111111(29). 1111111111 1111111111 11111111111111111 11
(30) 1111 111111 (1111111111 111 (31), 31111111 111111111111111111111
1111111 1111111111 1111111 (32)².

*Butesstoss 11111111 mar ess„ (1111 (1111111111 11111111 (1 einer 111
1111111111 opera seria 11 1111111 11111111111111111161111)11, 111
11111111111111111) 2111111111 11111111111111111 111111111111 11

1 11111 111111111111111111 11 111111ἒ11111111.1111111111 im M. ἒ, (3.1.
1111111111, 1 11Ξ111 111131111111111111111 111 111( 111 1111111111
1111Ε11111 1111111111 3111111111) 111 111 11 [einen &aba 1111111111 111111
1111111, 111 1111111 1111 11111 1111111111 111 11 1111 11111111 11111 1111111111
sti! 1111111111) 11111 111 111111ῗ1111111111111ιιις 111 1111111 111 11111111 1111111111.
1Ὁ11ῗ11111111) 111111 11111111111111ῖ [111111111111 per musica, da mppre.
sentnrsi nel 111111 nuovo di corte per comando 111311.8.Ε.Ο1111Τ11111111ρ,
Nel 1111111178] (3111111111 cin 1111111111111 Ξ1111111111, 11111111 1111111111(

 

