61111111. 61611161 6161611116616 446

present it on the stage1. 111116 16 6111666 116616 1116 16161111
6111111, 611111 11611611 116 616 1116661116 16161 1611 1616611 61111116

fist (16 116 9161166 61161 1699, 166 61166111 1719 1161). gut
1111163111 1116111 61666611 6111116 1690 66 611666 1161 61111161
1116116666 661, 66111 6161 61111 ,616 ζ,1166 1611616 ς6161161116
6616666113. 616 66 66 61661111 1116 6116111116166166116 16
6111161666 116 666 6616166611611116 611 616 1661111111116616 616611
1611111666616 6111161, 611161 611 6111166111 66616611 1611111116
61166611141716 61161666111661 161 1111611616 (66116661 111;
11 11111116 661161661611116116111616 16 161161. 1116116161 661161
611 1772 6616116 16 611 11111111111611111 1161661616 116 ,616 6666
1611 661 111611616611616611 6616116661. 611 6166611 611611 6111111
111 111611 1111611116. 611 1111666111 11116 6166 mit 611161 66 1161
611 11111166111616 6111111116 61161111111666116 616116, 1111 111661
1661116 16116116 61666661 116116. 1166111116 (6111111 6161 11161
611,,616111116 im 6611611 161611111 6116166 1611 6611161111616616
16661 611 616 6116116 661 1116 1765 611 ,616 6111116 16111661 611
166611 611 6161 661116166 611 6111161116 116611. 11616 6119111111
616661 161 616661 11111166111742 116 6161616111 6166666. 1762
11161116 611 ,161 6116111616 666 1611111111 1616111616 611116116166116”
1616111616 116 61611 6616 1111111111 661 16116161 1161 16111661111111616
61111 ,661 111166116166661116661, 1611 611 16161661 6116 1161661
616161, 1611 611 61111 6616111 616116161, 1661116 11611 6661666161
1111661 666 6111661111. 1766 1111111 61616611 16 66616116 611
6666611111 61161 6111616611, 1161 6611161 6166111666 6111111111
6166111111. 6166616111 1161· 616 616 6111116661611116 611 16. 66615

¹ 196111161666111, Biographia Dramatica, 66116611 1782, 11188. ² ᾖ. {Ze
1616111, 6116116611 1 10711. ³ 6. 61161, 31666611 6311116, 1661111687, 6, 67.
418721. 6611111 1616 1111111661 6111 11161611 61166166 6116 61 16111111
16161611 611, 6611611 116111, 6161 16611116 616 6116111 1616661661 6111611.
61166 611 661611 11616 6111111111 661 61111111116611 1111111616 1611611 616111
611616 611116. 36611116 1111 11611 6116611111 16 611111 1161116 9111111 611111 1116
6111111 6161 611616616661 6166116 61161 6119611611 1161111111 6111611 6161166111
1116116161 9361. 61111) ς11161111, 1161111116, 6. 63. 1161161111, p. 66. 11166166
1111611616 Suum 16 1111616661 6611166111).1111666616Πῐ, 1891, 67211.
⁶ 6166161111, 611. 6161. ΙΙΙ 169. 16611111 611 3 11⁴389 6111 6111111112 661
1111611111 6161161161 1611 611 1161661 6111161 11611 11111, 6111161 6161111111 16611,
1161161616 1311116 611 61661116 666 61616 61116111666111616 611 616 Suana
6116111111 16616616116161 {emmanu ⁷ 61111111, 6611116611 1 1533 ΙΙ 2,

66, 144.

 

