‘llutorenreqt'ster “
Q

6111116, (3., 11521. 11 4351. 11 8411. ᾗ 6111), 6., Ι 7211
118611 {trainam 11111111. 111551. 11 8931.
&mom 3„ 1 5743 - 11 836111
&alget Η 83θὲΙ {uther 118185
&olettb 2101 Ι 2171
6111111611, ἲς. 111, 1 241. 1 1203.,1111611’11111113801.19561, 11 177, 114641.
111911. 113111. 118211. 1134111 11 6861. 11 6141. 111911. 111161.
,1131191311114431 1 118071
8111161611, 9. 0111y 1 2611. 1 8761311111, 3. 9., 1 2301. 13651. 1 366.
113561.116171 . 19673136891
61111191111111111 Ι 6401 11111, 811, 18831
&mitt Π 4312 11111, ῖς, 11 4481
61118111, 6., ΙΙ 109² ¹
81119,6.,11 4043 931111τί1, 6., 14611. 18971, 113691.
&putul 161), I 801. 1 4191. 1 636 ¹. 1149911.1164911.11 7501
19193. 110251. 111529. 11 4021. 9319111835
1156711. ΙΙ 6371. 11 6856. 11 6971 9111181911, 91, 11 6331
8111111 1891 ’31611 11 813
811811 13811. 110091,11581.11 1361. 11111111, 11, 11 43611
11 819³. 11 840³. 118511. 118521.’811111101,1,ξ,5111, 16331
118531, Π 8541. 11 8553 1231111, 6., 1 2181
(21191111), 91, Ι 821. 11 154 ¹¹ 12319111 1 5527
4911111111 ΙΙ 2911. 11 4361 3211„ 1811.. 11 891
&tenens 81. 1111, 15441 ’
&totth 8.,1111, 111 :mugnus 111, 11 86411, 11 8741
&tranum 8.,16211 ‘wagner' 91, 19381. 19481. 11 4641.
&uam 1631. 1 9981 11 8491. 11 8841
6111111 1 2271 Ὶ9611011111 Ix. 1 3701. 1 3721. 111074.
¹ 112631
81111111, 193, 1 991 waher, ,8, 1 549511. 1 5501, 1 5581.
6111011, 0., 12954. 112851. 114078 1559615621,156341565415661,
114083. Π 4161. 11 4171. 11 4194. 15744,1598141748417491113011.
114211. 11 4221. 11 42381. 11 4241. 11 32¹
114265. 11 6251. 11 6411. 117121. 281111166111111, 6111, Π 7641. 117691.
118911 11 78214. Π 7943. 11 8053. 11 8061.
6111111 1 8901 3 118091
811111ῶεί116 1 5601. I 807¹. 11 921. 1 1616111116 1 6291
Π 3691. 11 4291. 11 710¹. 11 7551 1111111911, 52V Ι 261³
88111169611111111541.111361.111891.1 118161, 9121., 1 8981. 11 4321
11 2141. 11 764³. 118481 11111511, 6. ἲς, 11 8391
8111111111 1 3803 1981511, 0. 911. 111, 11 1261
81111111, 6.,16941 {waben (8., 1 5746. 11 785. 11 4641.
861111 1 1901. 19931, 11 3891 ³ 118121. 11 8691. 118161. 11 8181
6111111, 6., 11 1451 418161, 6. 911, Ι 3641
6111111198, 8.,11 4601 281811, 911, 911, 911, I 5721. 1 5741,
6111119711 3 15981.1973·-’.114231
8111111, 3,, Ι 1381. 1 6295. 1 637161 11611111, 911, 1 1x
1 6401. Ι 6751. 16934169411146411 11111111, 11. 111, 1 8721

&gumi Ι 1943 1161161, 0111. 9., 19121. 1 9155
81161, 6., 11 2791 1116111161, 0., 11241. 12191. 1 3611
8111111111, &q I 181³. 1 3301 2161111, 6., 1 6181

 

