--‚,...-—--⁴292P===-=

(111111 11111111. 1111111111 111111111111111111 447
.--—--—-·-——-

1111 1111111 1111111111 111 1111) 1111. 1111111111 31111111111111 im

1111111111 11111111 1111) 1111 11111111. 11111 1111 11111111 1111111
1111111111111111111111111111111 11111 11 11111111 111 111 111111
’1111
9ῳι111111111111111 11111111 1111111 1111 1111111111 1111 1111111111.
11111 meimet Convitato di pietra, 1777111 1111111111 1111111111111
1111 11111. 11111111111111111111, 11 111 11111 1111111 111) 11111111)
111111 1111 11111111 111 (111111111111111111111111111 1784). Do:
11111 1111 111 11111111 1111111111 111 1111111 1111 11111. 111111
1111111111111111111(1111111783) 111111 1111 1111111 111 1111111111
11111111 111 1111111111 11111111 1111111111111 11111 1111111 1111112.
111111 1111111111 1111111111 111 8111111111 111 «1111111111 111 1111
11111111811111111 111 1111111787. (1111111 1111111111 1111) 1815
1111111 1111111 311111, 11 1111 11111111111111 11111 111111) [1111
11111 9111911111 (111111 11111111111111111) 1111 1811111 1111 1111111
1111111 111111, 1111111) 111 1111111 111111 11111, 111 1111111111
81111111111111111 1111 11111 111 1111111111111111111 11111 1111111111)
111 Β111111111 [eben 1111111, 111 111θ11ῗ1111 11111 1111111111
191111 111111, 111 1118111111111, 111 1111111 111111, 11111 111111 111
19111111 1111111 1111111. 11111 11111111 18111 1111) 11111 1111111 1111111111,
11111111 1111 11111111 6111111111 11 11111111. nean 1111111111787
1111111 111 Teatro della Valle 1111 1111111111 11111 Il convitato di
pietra (11111) 1111111) mit 1111111111 111 81111111111111111111114.
mus 1111 1111111111 1111111111 111111 111 111111 111 Nuovo convitato di
111111193111111 11111115. Der 11111111 11 1111111111, 111 111111
11111 1111 11111. (111111 1111111 111 1111111111 11111 1111111111)
11111 11111. 11131111 nuovo 11111111111111111 111 1111111111) be:
1111111111111111111 1111111 bin„ 1111 111 11111111111111111111111111
11111116111111111111111 111 (11111, 11111111 111 11111. Q:
1111111) 111 111 21111111 1787 111 11111111 111 ἒ. 1111111 1111111111
1111111111 1111111 11111 1111111 1111181111111111111111111111
111111 11111111111111111. 8111111111111 11111111 111 Capriccio
drammaticos 111 111111111111 111111111111111111’1111111111 novit&
1111 11111 1775.

11111111 Τθῑῐῐῖ 111115103Ῑῇ P· 331« ² 11111111, 811111 musicnle IV 74.
³ 1811111εῴ111 Ι 4061 31¹ 111 3111111111111111111 111111111111111111111111111111
11111, ⁴ 938¹· Ἣ· <5de (1111. 11111111, 11111261. ⁵ 111111 p. 403,
θ &dm 5· 260·

 

