⁴ 21111 011111111111 629

0111 1111111 als 1101111611 111111111111111111, 1111111111
1111 1111111111 1111111111 1111111 1111 111111 11111111 1111 111Ξ
9111111111 911111111111111, aud) 11 1110111 ihren 1111111111 &cist
1111 01111111 111 &ingen 1111111111. &ie 1111111 111 011111, 111111
1111111111 11111) (1632-1687) 11111 1111111111 311 1111111, 111, otu
111111111111111 1111 01111111, bod) 111 11 111111 (1111111 1111 1111111
1111111111 1111111 (1111111111 111 11111111111111111111 1111111, 111 et
111 1111111111 11 1111 1111, 1111111111ἶ11111111 111 1111111111 111
1111111111 1111111111 1111111111 111111, 1111110111 11111111 111111
1111111111 1111111111 1111. 11111111 1111111 bem 1111111111
11111111, 111 111 ›ballet de cour« 11111 111111 11111111 XIII. 111
1111111111 1110111111 11111111 hartz& 1111111111) 11111 111 gange
1111111111111, bet 11111111 11181111, mit. 011118111111111
11111111 1111 11111 bur& 1111 1111111111 &bet nur 1111 111111 gu:
111111111111111 111111 111 11111111, bie 11111 1111111111, 11111 nur
1111 1111111111 11111111 11111113. 11111 1111111111 11111111
1111111 bet 1111111111111 11111111 1111111111, 1111111111 1111111111
11111111 811111, 11111 1111111111, 11111111111111113111 1111 11111
911111 1111111111 6111111111111111111. 1111111111), 11111111 111
1110111111 8111111111111, bet 1111 ibn 1672 111 Acade'mie royale de
musique, 111111 1111111111111111111111 111111111110111, 1111111111, -
111 &allen 111011 11111111, 1111 11111111 111111ῐί1111 stem 111

11111111, 111 11811111111111 111 1111 bet 11111111111101111111
bis 1111111 11111111 1111111111. 01111111 111111 gut 8111111111 ber
01111 11111 1111111111 1111 11 1111111 111 119111111111111119111
1111. 111111 11111 1111 1111111111) 11111 1111111111111 01111111

Ἃ

¹ Qu [Tnvenol Noinville] Histoire du ThaItre
sique, m 111111 1767, 011111 1111111
1815, ς11111886, 91111111 11 1111111111,

de1¹Acad6mie roynle de mu·
L'Academie imp. de musique de 1646 1

Les origines de l‘opkra 11111111, 1111191886
(1111111111111111111 111 111477). 8111111111 1111111 1111111111 1111111 1878,

011111189111111111111910, be 11 1111111111 1911. IIII, 11111) 01. 1111111111, Mu·
111111ᾱί1111, 111τί1 1908, ww. ² 11. 1111111111, Le Ballet de cour en
ance avant Benserade et Lullys 111111 1914, ³ 1111111111, m ,1111111111
1111111111 11111111. ⁴ 181111111669 1111 11111111111111111111 1111 1111111111
11111111 01111111, Iussus 1111111111 1111111111, 1111 1111111111 1111111111 1111111
1111111, bnt 111111 1111 1111111111 1111111111 1111111 1111111111 1111111, 1811111
111111 Qube 111 18. 3111111111 1111 11111 hm 1111111111 111111111110111111111·

111111 11111111 1111111111 11111111, beten 1111111111111111111111811111011111111
1111, 1111. Mo! 1331116111 701,

 

