ψ

1211 1119 999999 ,1391999 199 1119199
M

191 991999 119 311111 1199999999 9999199 999 99 9119991 11111 19919119119911199

9991999999 99119199999191999 3111111 9919999 99 9999999 11111191 19119
999 999 999 111199 99999 999991991999 99 99 999 99 999 9199 1191911119 11199119
1991 9999 331‘1333111 1191199199999 99999999991199999999999 19991 19991
(1991119999 99 9999999 99 9999 1991119999 199 1911991999 99919 1111 1111999
9199 ,99999199 9999191 91999

11199 999 11999911911111999 tm 9199991999 9991991 991911 11119999
919 999919 9999919 99999

Ἲ99991999999999999999’9999999911919919ιί911999999199999999
9999999991999ἷ 999· · ³ ,919919 ’9 9999 999 temen 1999199 99999
99199, 999 99119, , ’99 1999919991, 9999999999, 3311
19999991999999999 1 ,ι · , 99999 999 C 99919919999999 991999
9999199 1999199 19199999 C111-l11 999 91999 laberer 1999911999 999 99911919 Cin
19999, 9919999999999199991999, 9919999991999991999199999999999
9199991999 C3111} mit 999 ,9999 199 1199991999, 91999999 99 9999 999 9999
1999999999,1919999999 199 999 99999999 ’ ‘³⁴¹ “, · “
999 19199999 11991999 9999 1999 999 999999991199 99 1199999999 9919 91999 ’99999
1'1 1999 99999999 99999999 91911919 111 9919191999 9999999999119999

1199 999 9999 9111 9999919 999 99199991 99999 [191 19919999999999 19999919 11113111
9199 9119919999 991111999919999919999999991 919991119999999 99 91999 99999
111911 191919999999999919 9999 99 9999999999 9199· 99999 ,9199119999 1919999
999 311 199999 991 999 991999 91999 911919 -119199999911191919 999
999999 1331'1„ 9999999 9999 919 1119999 1119919, 1111999991 1999 99999 9999

ῠ99999 9999999999 919· 19199 99991999 1199999919 9919999 9999 9999999 999
,9919991999 1'11 999 ,999999 9199 1119999 9919991999 99191. 111999 9999 1167
(119919 99991999 999999 9199999991, 999 ,1119999911 1'11C3e113311311113311
11999 999199999991999 999,,11199999911999919999 9991119999 331111'113311
2153111 19 11111 99999 1311· 99199 9991199999199 8999991999 999919 99991999
C11111 99999 313'33113113111133111 919999 9999 999 199 19999999 91991999
91999999 1199999999 999, 919 9199 9 11 919 91999 199999 919999 93999999,
9999111999 9999 19999999199919, 99991199 199999 119999. 1991119999 993
91919 999991

3919 99999199 991 9119 ,1119919919999 999 ,91999999191999 111 111199 9999 9919111
,19199999999999999199, 999999999999 999 99919911999999911, 999 9199, 99

91111271, 31111.C.1113‚ 1111129199. 1111991.91999199999,(1191911
999 9999. 119991999911199999 11, Ὶ819199. 19991999, (99999, 9999999199 Cdmu:
1'1111111113111C19133. C111111131 1119999999. Cam( C 1579, 11119 9999119191

91119129 999999999999191 99999 111999, 11999999 3111 “111 111111
1119 29]

 

