Dielog 1111 111 6111 1111111111 111 11111111 1111 111 1111111111, 11111
11111111111611111111111 111 1111111111111,111111111111111111111 111
1111111111 11111 Θι1111ί111111111111111

Dee 1111111111111111111 111111111111111111111111111111’111 61111111,

1166116 616 6111111116176611111111111111 111111 1111111111 11
111 1111111111 1111111111161111111111111 1111 11111111111759111
1766 11111111 11111111,111111 111111111111Θ1111111111111 111 opera
comique 1111 11111 &trabem 1116111161111111611111 111111 1111111
1111111 6111111111 111111, 11111 11111111 1111 11Θ1111111111 ein:
1111111111. 6111111111 111 111Θ11111 1111116111111111111111 111
1111111111, 111 111 (6111111111 11111111 11111111 1111111111 1111 111
1111111111 1111 11111 1111 &influe 111 1111111111, 1111111111
1111111111 ’1111111111111111 1111 11111 11111111 1111111111111111111111115
1111. 11111 1111111 11111 161111 1111111 11111111 111111111111111111
’1111116 111111, 1111111111 1111 1111 1111111111 1111 1111 ς11111111 1111
Θ1111111 11111111111111τει 111, 111111 111 1111111111 111111
11111111 111, 11111111111111111111111 11 1111111 1111111111 1111111. Der
1111111111 1111, 11116111111111111111111111111111111, ,6111111111
11111111728-18011 1111 111 111111 neuen (6111112 1111111 11116111
11128.111111766 111 111 1111111111 6111111 1111111111 1111111111.
Det 611111 1111 111111, 1111 1111111 1111 111 1111161111 1111 11111111
11111 1111111 [iesse „ssie'ueet 111 6111111111( 1261111111111111
111111111111111Θ111111111, 111 111111 111117 111 ,11111111111
1111111111 11 1111111111, 1111111111 11111 1111111 »Fe‘e (11111111,
11111111111111161111111 111111 111111 11111 1111 11111111 1111111
3111 11111111, eine 11111111 11111111 Sper 11 1111111111 1111111111 111
11 11111111111111111 Θ111111111 1111111111 1111111111 111 111 italie:
11111111 opera seria 111 buffa 1111111611 1111111111, 1111 11111111 111
111111111111611111 1111111111, 61111111 1111111111111111111111111
1111111 111111 111 11111 1111111111111111 1111 1111111 in 11111111111111
1111111111111 1111111111 1111161 1111111111 11111111, 11111 1111111111
1111111111 1111 11111111 11111, 111 1161111111 111111 1111111111
1111 111111 1111111111. Θο 11111111 111 1111111111 11 11111 1111111111111

¹ Θ1111111.111 Θ 10211 1111111 (6111111111 1 1 &maheu 1 11111111 11111
1111111111 36111.11111111611111111161111111111113511 11111111111111111Η
111111111Θ1Ι111111111ἰ1111111111111111111116111111111111111111 3111111111

,11111111 111111 1111111111111111111 41711111111,11111111111171 11111111Θ119
1111111111Θ,Ξ7.

 

