1111111111·1111111111111111111111111111111 993

11111 11111111 11111 1111111111 11111111, 11 1111611111 1111 1111 ’11111111
11111111111111111 ›IPer IaSignora constanzaVVeber— ah« 1111
1111111111111 m 1111 (8 11403 1511111138 1111782 11111
1111111111 »Sonate Premikre. Par moi W. Α, Mozart pour ma trt‘ts
chere e‘pouse‹; 111 111111 11111 111 11111111 1111111 1111 111111 11111111
1111 11111111 11111111 1111111111111. 11111111111111 11111111 111
(111111. 31111 11111111 1111 1111111 tenen 11111 6111111111 11111111 1111
1111111 1111] 111 1111 11111 1111 11111111] 1111111111 1111 111111 1111
11111111 111 11111111 1111111111 11111 111111 1111 111 11111111. 11111
1111111 et fut 111 Colfeggt'en (› per Ia mia cara Costanza‹ 111» »per
la mia cara consorte 1111. 393 ὦ XXIV 49)] 1111111ῧ11111]
111 Ε11111111111111111 1111111111 111 111 111 111111 1111112 111 11111
111111 1111111 11 1111111 11111 2511111111 17891111 1111111111111111 11111
In te spero, 0 sposo amato³ 11111111 ,1111 11111 111111111111111
&imme 1111111111, 111 11 1111111 1111111111. (ἕο 1111 1111111111
11111 111111 111 1111111111 111111 1111111 1111 1111111111111 111 111111
111111 111111. 427( 1111111291 111Ε11111111, 11 111 1111 1111 17911
Iu 11111111 11 1111111 111 1111111111111111111111111Ε11111111 111,

&ie 11111 1111111111111 1111 1111111 111111,1111111111111 11111
11 111111 11111 111 111111111111111 1111111111 111 ,111111111111
1111111 1111111115 11111 111 1111111111 111 1111111111 111 ,1111111
1111111111 1111111111. 1111 111111111111111111111, 1111 1111 Iu
111111 1111 11111, 111 11111111 1111111 11 111 11111111 1111111111
111 1111 11111 1782 11111111 111111 1111111 1111111. 111 111111
1111111 (111111 1111 3111111 11111111 1111111 11111 11111111. 111
111111111111111111(1111111111 11111111 111 1111111111 11111111 11111
111111) 1111 es 11111 1111111 1111 111111 11111 ’11111111 111 11111111
Dat} 1111111111111111111111111111111111111111111111111111

1111 ist 1111111111111 111 111 muniet 1111111111 1111 111 11111111
(111191 111 1111111111] 111 ,8111111111 111 2111111111 1799 11 111111 11111111,
in 1111111 1111111111 8111111111 111 3111111111 (8) 111111, 111111111111111111
11111122] 11111111 1311111301. ² 1112111 ἕ111111111 1111111 1111111111
111 Christe 1111 111 11111111111;11.4271 111 1111111 11111 11111 mit 111
1111111111 Ξ111111. Du 1111111111 11 1111111111 1111ἔ1111111111111111, 1111 11111
8111111111 11111 11111 111111 1111111111 ³ 1111111111, 1111111112, 11111111 im
1111111 111 1111111 1111. ’6. 28, 131 1111111 111 1111111111 111111111111111111
11111 Al desio 1111111111 11111 11111111 111 [eine 11111 due 1111111 1111111 11111
1111111ιί111. 1111111 111113 18711485. 11111111111111 (11111111 1111111111*
111 1111111111 1905. ὃ. 11,

11111111111111. l. 83

 

