11111111111111111111111111. (11111111111111 815
,--—--———--

1111111111 1111111111 1111 1111111 111 1111111111 1111 1111111111 111
„simum 11111 311111’1Μ·11.135) 11111111 111 13111111111111111
111111 31911 1111111111111111111111111111111 1111111111111111 1111 11111
111111111111111111111112 111111111111111111111111111111111111111111
111111111111111111111 1111 1111111 1111 111 11111111 1111 11111 11111
1111111, 11111111 111 111111111111111111111111111111 1111111111 1111111.
1111 1111 1111 111 111 111111 111111 1111111111 11111111 1111 1111111111
111131111111111111” 1111111111 11111111 111111111111111111111111, mic
11111111111111111111 (1111. 5961 11111111 11111111 11111311111”
1111111 1111111 1111111111111 1111111111 1111111111 1111 111 1111111 11111

1111111 ’1111111111 ’1111111111111 (3. 1311 111 111111111111111 111111111111 1111
11111111111111111111111111 11111 11111111 111 11111111 311112 1111111111 111 111
1111111111 111 111-ἐ1111111111111111111 mit 1111111 11111 11111 111 1111 11111111
Ε111111111111111111111111111 350 C 11111111 1111111 1111111111 11111111

1111201 1111111111 11111111 111111 aud) 111111182611111 1111111 11111 1111111 1111
gennem 111 111 11111 1111111111 1111111, 1111111111 Ξ1111111111 1111111 1111) 11111111
11111 1111111 ,1111111111 11111 11111111 nicht 1111111111 1111 111111 11111 111
1111 1111111111 1111111111 111111111111111111111 1111111. ’1111111111 11111 im QQ
1111111111 11111 1111111111 111111 11111111111111 1111 ἒ111111111111111111 111 11111111
11111111 111111 111111111111111 1111 11111111 1111111111 11111111. 1111111111 un 111
11111111 11311111111111 11111111 1111111 31111111 1111111111, 111 1111111111 311111.
111111, ’11111111 111 111111111111111111 Qj VIlL 2751. 111111111111111.11.(111111
1111111111. 11111111 1111 111. 11. 11111 (12. 3111111111. 111 1111111111ιὸ 1892,
4211.) 111 1111111111 1111111111 1111. 1111111 111111 1111111111 111 1111111111,
1111111111111111111 1111 11111 11111111 1111 1111111 11111111 11111111 111111 1795196
1111111111 1111111111 111 (311 18961 6911). 111111 11111 1111 111 11111 11111111 11111111 Ι111
11111111111111111 11111111111111111111 1111 111) 1111111 1111111111 111111 1111111111
111111 1111 27. Ε1111111111 1828ῑ ,111 Dr. 11111111ῐεί1 11111, 111 111111111111 cine
1111111111111111111 11111111 1111111111 1111111111 1111111111 1111111111.
111111111111111111111211111111111 1111111111 s) 116 ’111111111111311 11111
1111111111 1111111 1111 111 11111111 11111111 ein(Q 9111111. 111 1111111111111
19161351.) 11111111 111111111111111111111111111 111111111111111
1111111111 11111 11111111 111111 111111111111191111111, unt 1111111111111
111111 1111 1111111 1111111111111111111111 11111111 111111, 1111111111ἰῷ1 11 11111 1111
1111111 111111 11111 1111111111 111111 1111111111 11111111 1111111 aud) 1111111 111
111111 1111111111. &ine 11111111 1111111111111111111 111 1111111111111 11111111 31111
111111 111111 11111 111 {ciuem 11111111 1111111111 11111, 11111 111111 1111111111 11111
111111 111 11111111111111111. 111 1111111111113111 11111111111111319, 351).
1111111111111111 111 111 1111111111 111111 11111111, ubet 1111111 (11111111 11111 11111
11111111 1111 1111 1311111111 111111 11 111111 11 eben 11 11111111 11111 111111111111111
(111111111111111111111111. 11111 1111111111 111 1111111111 111111 111 111111 1111111111
11111111 11111111 aud> 111 1111 (1111111111.

 

