===—..-—··ssffl==·—=

1111111111111

...—‚-......-——-—-

1111111111 1111 (11111111 11 111 1111111, aud) 11 11111111
1111 (1794111111101971 ς1111111111)1111111111(1801)111
61111111110813) 1111111111 111111, 111 11 in 1111111 1111 11111111
111111 1111111111 11111 1111111111 111 1111111111111111111111111111111
111111 111111, 1111111111 111111111111111111111 1111 1111 11111111
1111111 1111111111 11111 11111111. Dm 111111 11111111 mnam
1111111 1792. 11111 1111111111 1111111 1111 nicht& 18111111818,
111 111 &pet 1111111111 1111 111111111 1111111 1111111, 11111 et
111111 111. 11111 1111 111 spa 1111111 (1834) 11 11111 maban
1111111111111111111111. 18111111 111) 1111111111 1111111111 1111111
91111111111111111 1111 111111 11111 111111111111. 1111111111
11 111 una musica bellissima, superba, sublime, un musicones 1111
1191111111) 11111 del gusto del paese! 111 111111 stranezze 11111111
11111 1111 11111 1111, 1111 11114111 1111 1111111111 1111111111. 11111
1111 111111111111111 1812 in 11111113. 1111111111111111111
1111111111 11111. 11 1111111111 1111111 1814 1111111111111111111111
1111111111 1111111111 1111111111 111111 1111111 111111111111114.
11 tutin 1111 1119111 1815 1111 111111111111111111111111111
111111. 1818 111111 1111111111 1821 1111111 1111111111111111111
1111111117. 31 1111111 111111 111 18111 111 11111111, 11111111
11111111 111 111111, 111 11 11111111 (1833) 1111111111111111111
11111 1113111 111 1111111111 1111111111, 8111111111111 11111111
1111111 11111 11111111 &agerint Non capisco niente a questa 11111-
sica maledettaw! Dagegen 11111 11111111 111111111111111111111
&tages 1111111 111 111111 &pern 1111 111 1111111 111111015101111
connaitre celui de mes ouvrages que j'aime le mieux: ehbiess
c’est Don Giovanni11. 3¹1 &punicu gelangte Don (11111111 11111
11111 1894 1111111111 1111111111111112.

111111 11111 1111111) 1825) 1111111111 11 111111 (1111111111

¹ 1111151111489, 1111111111 111661. 1711111, &281 1857 11111 1111111111
[1111111111 11111111111111111111” 11 ,1111111111 1111, 11111111111111111111111111111·
1111311, 211111 x111 1111, 11111111111111111111 1111
1111111364. 111118 XIV 78111, XV 531. 4111113 XVI 8591. Qflmbylg
L! Scala 11111111 1814 1111111 esito buonissimo, p. 304. ⁶ 'lm XVIII ⁶

affine, 1281 71111 111. 1111111111. 1111111111

11 1111111111

¹⁰ &cubos 01111111111111 191. 1111111111) 111115 1111186911 βω

Mnnuscr. antogr, du Don Giovanni, p.10. 1111111111 1111111111 11111 1¹¹ m
1111 1111111 1111111111 111 111111, 18231 111 11 111111 mit Ῐώω 3¹¹⁰ss W mm
1111111111 1111111. 11811111 (5³ 236·

 

