ψ

41411414444444 144434 4444 44444 44444454 481 197

4414444444 flu 4444411444 4444 444 43141144 1441144144 444414144444
4414444344444144144 gu geben. Der &mammet 444444 444414 be:
44414444441 1144444 1444144444 &dm 44144 4444 414144 4441444444
41441444 444 41141444 saum 4414414444. &testea 4414 414 14 444144
444 gromen 441144 4444 M). 454 4441414444 44444144444141444444
414 4441 44144 4414444444 4444441144 4414444441444 444 ,44444444444
mig 144444 44414114444444 444494444941444 4444114 444441444141414144
4414444. 44441 4414441444, 4414444444 444 444 4114441444 144 haupt:
themu„ 41444144 vnn 4444444444 1444444114144 1114444411, 414 444 4114444
414 4414444411 in originelfflet 444114 4444414444, 4414444444 444
44114 4441444144 4144444411. 414 144444 411444 444 4144414 144 414444
444 m. 481 in 4144441444, 4411444 441 14444 44144444414449 neu
4441144444 414444 1144 44414444 4144 14 4441144444 4441144) 11. 414 441444
4444 444 (44144 4444414494444 4414441144 14 44144111 4441444444 4444
11444 444444 4144144 441444 414144444; 444 4444144 114144 4414444444 in
1414444 644ωὰ444441 44414 41444444 4444 444 4444444444 4444 4444444
1441141114) 444 41114 444 44444444444 in 41444 4441 gang 44441) 444
4144 444 41444444 444 411), 4. 444414 — 44 111 14414141) 444 41441144 41141,
441 414 4141144 444414 44444144 44144; 4114441444 141444 44 4141414 4444441
14 414444 4414444. 44414144 441414444144414 141) in 444 (4444 noch:
444414, 44144 4444 4444) 414 4414444411414 414444441111444 nnn 44444
(ῧ44444) 444 414 444441 1414444414144 1441141144 444444 1441414 4414444444
4141444444ηό 4444444444. 4144 444 45411141Ῐὰ444 1114444444.441.444
4144 444444 4144141414114 1414 44144444111444 6414441444 444 1444
44411441141444 4444 4411441144 4441414444444 1444 44444444444, 444
44444441. 481 414444 444 144 4444 4141141444444 1444444444 4411444444
4144144144444414144] 41444 4144 4144444114441444141114144 41444445 414 3444144
4444 414444 4144144144 44444 4414444444 444444, 1444 44441) 1444141444
4444444411414 4141144441 im 44144144, 41414 444411 1444 64141144144414
4444 4144444 4414444443 144 111 4144 1414 4441444444144444 (414441444111444
11441441). 414 441444 144444 1144 44444144414414444 41444 4441144444
4441411414 4444 4414411414 444 &aa

1444 1441441141) 3114144414 4414444444144441 414144 3414 111 414
61414414144444 (44443. 425, Ξ. V111. 36), nm 3. 4144444444 gu

---,-.-.-.-----

411144 4441444 14144 1444114414 444 3444441444 (141114 “ingr 444 41144444-
mm 114141) in §but 4414444. ² 411444 headne 4414444444 414 4144144444 na&
144 mitta 4411444, mo 4414444444 414 Dominum 444 (44444 eine 4441441444

W&

 

