ψ

VIII 1111111111
Ἣ

1111111111111 111111111111111111111 1111111111, 111 1111111111 111
11111 1111111111 1111 1111111111 11111111111111111111 11111111 11111 11111111
111111111111111111111111111111111 111 11111111 1111111 1111 111 111111
1111111111, 111 fiber ί111111 11111111 11111 11111111 11111 gum 1111111111

1111 1111111111 1111111 ist« 1111111111 111 1111611111111
1111111111 1912) 11111111 1111111 11111111 1111111111111111111111
11111111.

11111111 11111111111111111111111111 11111 11111111 11111111111
111111111111111111111111111111 11111889 111 1111111111. 1111111111
11111111 111 1111 111111 1111111111 11. 11 11111111 11111 11111111 11111111 11111
11111911 Essai de biblIOgraphIe mozarIine, 111111 19116, 111
11111111, 1111111 1111111111] 111 11111111 1111111111 11111 11111111 1111 1111
1111111111 111 19115 1111111111111111111. 11111111111111111111 11111 gu
einer 111111111111111 1111111111111,11111111111111 11111111111131111111111
1111 1111111111 111111 11111 111111111111111111111111111 1111111111
111111 in 11111 1511111111 1111 1111111111111111111 111111, 1111 [ange
111111 1111111111. Ξέ1111ἕ11111111111111 111111 1111111111111 ῗ1111. Q
1111111, 11111111111111111111111 1111111111111111111111, 1111111111111111111111
§um 11111111111111111 111111 1111111111 311111111111111 111 141111
11111111 1111111111111. 11111111 11111 11111895111 1111111111111
111 11111111 111111111111111111 11111111] von 91111. (111111 bez
grfinbct„ 11111 11111111111111111 11111111 1111111111111111 1111111111. tuber
1111111111 111 1111111111 111111 111111 11111111, 1111 1111111 11111 1111111111
111 111 1111111 ,111111111111 1111111 1111111 111111111111111111111 111111
1111111111 ἒ11111111111111 1111111111 11111111 111111 11111111) 1111111111
111 1111111111111111 111111111111111 11111 I. 11111111, 1111111111
1111111111 1111111 1111111111, 11111 111 1111111111111111111 1111111111 11111
berung 11111111. &eit 1111111111 1918 111 11111111 111 31111111
1111111111 111 111111111111111111 111 &naburg 11111111 1111111111 1111
Π111111111111111111111111111111 1111111111, 1111111111111 11111111
1111 11111111, 111 1111111111 111111111111111 1111111 &tila 1111111111.
11111111111111111 111 11111111 11 IIII.

’111111 1111111111) 1111 1111111111111111111111111 1111111111 11111111.
>LIII 11111111111111111, 11 III 11, 11111111 111 1111111111111 111111
11111 1111111111 111111111111111111111111111111111111 11111111, 1111111111
’111111 111111 lange 111 11111111111111111111111 111111 1111111111111111111111
11111111 1111111111 1111111111 11111 1111Ε11111 111 Iunge 11111 6111111111
1111111111 11111111111ἕ111111111111111111 1111111111 1111111111111. Dic

 

