911111 1111111111, 111 11111 11111 fid) 1111111111, 11111 man 111
1111111111 11111 mim 11111 bico 1111 nient 1111111, 1111111111
’111111 1111 11111111 1111111111. 31 1111111 11111 ubet 1111116111
111 11111111 1111 1111111. ,ῦο 11191 1111111111111111, 111111
1111111111 ibt 1111111111, 11111111 et (18. Defflmbet 1777), „Du 11111
111 11111 1111111111 111111 111111ῖ1111111 111111 111 1111111111111
1111111111, 11 11191 171111 9111 111 au 111 ibt 11111 1111 bie 1111
6111111, bie 111 9111111Ω111111111111, 11111111 1111111, 11111111
111111 1111111 11111 111111111111 nidyt. ,11111111111111 11111111, 111
Qu 111 ihr 11111111 111 fic 1111119111, 111 1111 111111 11911111, 11 mie
111 111θ111) 11111911 istst nami 1111111 tt 1111111111111 111 1111111111
1111191, 11111111 11 bie 1111111111 111111 [ein 1111111111 111 1111911111
1111111111. 11 1111111111116119111111111111(15.θ1111111777)11

Duff 111 11111 111911, 11111 1111119119 11111 111 111 81111111 vet:
911111 11111 &ott 91111 111 1111111 111 1111 numen 111111111111111111
macr 1111111111 111 1111 111 (1119111111 6119111111 1119111111111111
1191111111 Ε11111119111,111 1111111111) 1111111111 11119ς111111, §ott
111 711111 911191, id, 1111 bod) 1111) 11111 111111111911111111111111111111111
immet 1111111 11 mir 1111111, 11111111111111111111111Ε1111111 butte

, immet 11111 1111111111 &brt 111 11111911, bie 9111111111 111911 111 111911.

ὒ11111111111111111911111,111 1111191119 gu 11111ίὰ 1111119111
9111111111 habe 111 111 ste 11111111) un 111 1811111191 11111 tege&

111119, 61111191· 1111111111 1111111111 111111, nub 11111 1111119119
11 111 ,1111111111 11111 111111 1111111191 1111, nicht 1111 1111111111
11111111 (11191111 177711

Sd> 1111 9111111111, 111 mit 311 111111 11111 1111111111 91111111
bat, 111 in 1111111 nur 11111 [1111ιί11) 111 111119 1111111111 - 11111191,
111 id) 11111 111 1111111111 11111 1119111111 habe! — 311) [111111111111111
11111111 1111111111, nur 1111111111 11111111 &ie 1111, 1111111111111111
911 11 11111111111111 11 1111111 Sd) 111 geru 111119, 1111 111111 &ie
1111111111, 111 id> 11111 11111111 11111111 1111 1111. 31111111111111111
111ιῢ11111119 meg 111 (unt 11111 in 61111119 11111) 711111 1191111111,
111 td) 11ιί11) 9111111111 111111, 11 11111111111111111111, 1111111111 111 10,
20111 30 31111 11111 111111 111 11111 Sd) 111111 &ie 1111 1111111111 nub
11111 1111111119, 1111111111 111ιί1119 111 mit 11 111111,

111111 111111 1111111111 1111 11111 111 1111111111 111111.

11111111161111111 1111 9111911, 111111 1111111119, 71111111
1111111111 1111111.

 

