11111 1111111 11111111. 31111

11 111311111111111111111111111 nur 11111111111111111 1111111111 111111
1111111 11111111111111111111111111 1111111111. 111Θ1111111111111111111111
1777 1111111. 11111111 111 1111111111 111111111111111111111311111 111
111111 1111111111 11111111 11111111111111 111111111 111111 111 61111111
111 111 11111111 ῧ1111111111111 1111. 1779 111111 11 1111111111 11111
1111111111111111 111 111111 11111111 111111 111111 1111111111 1111111111
11111111111111111 11111111 11111 1111111 1111111111111111111111111
111 11111111 1111111111 111111 111, mie 1111111 11111111111111111111
111 11111111111111111111 ’111111 11 11111 1111111111.

11111111 111111111τὶ11 111 1111111 ’111111111111111 111 111111 1773
1111 1111 1111111 1111 111 11111 1111111111 111111111111111111111111
gu 11111111 11111111 111 11111111 1111111111 111111111111111111111111111
mit 111 ja 1111111 11111111 111111111111 11 11111111 1111111111111111
11111111111111 111111. Qum (1111111111111111111111111 1111111111
11111111111111111111111 111 111 111 111311111111111111111111111111
11111 111111 11111 1111 1111 11111111111111111111111 1161111111 111 zm
1111111 1111111111] 1111731 1111111 1111111111111111111111114. Der
1111111 111 numm 1111111111111

111111,1111111111111 11111111111 ist 111111 einen 1111111111 1111111111
1111 1111111 11111111 1111 11111 1111 1111111111111(11111111111111111111111111
1111111111 1111 111111 1111 11111111 Ξ111111 111 111111111111111111111 &annena
1111111 111 ,1111111111 1111 11111111 11111111 11111 111111111111111111111
1111 111111 1111 131111 111 11111111, 111111111111111 1111111111111111 11111
1111111111 111, 11111 111 11111111, 111 611111 111111 1111111111. 111111 1111111
1111 1111111111 1ἔ111111ι1111111 1111111111 111 1111 111111 11111111111111111111,
1111111 1111111 1111111111, 111 111111 1111111111 111 11111111 11111 11111 1111111
11111 ,11111 111111111111111111111111 11111111 111111 1111111 111111111111111
11111 11111111111111 un( 11111111111111 11111111111111111, 111 1111111111
111 181111111111111111. 111111 11111111 11, 11111111 111111 1111111111 1111
11111 11111 111 11111111 11 1111111111 1111111111 11 111111 11111 1111111111
11111 11111 111 1111111 1111111111 111 11111111 1111111111. 111111 1111111111111111
3111111111 11111 11111111 111 1111111111 1111. 1111 11111111 mit 11111111
11111 11 11111111 31111 11 1111111111 111111, 1111111 1111111111 11111 1111 11111

-—-—.........-.----——

¹ 11 Π120011 206. ² 1111111111. 1. 1111111111. 1111111111 Ι 253111 31311
³ 11171. *1111311111 (1111111 ,1111111111 111 1111111111 3111111111,
1111111111 1. 111111111111111111111111111)1111112, 1900. 1111111111, 1.ὕῷ
1111111 1901, ὕ. 11811. 1111111 1111784111111111111 111131111111111 111111 neum
§Bunbs 1111111 (1111111. 111 &rimantem 111 mertem, 11111. *memet 1, a. ὓ,
131 11111 1117.

 

