770 KKKKK'enK 11 11111111

Ἣ

11111111111111 1111111111 1111111111 1111111111 111 1111111111 1111111 11111111

11111111 111ῐ 111 bie 111111 11 gut 111111111111111111111111111 11111 1111111
1111 1111111111 1111111 111111 ’111 11111 ,11111 111 11111111111111111 1111111,
111111 11111111111111 111 mit 111111 11111111 111111 1111111111 1111111 1111,
11111111 1111111 111111 11111111· 11111111 11111 mir (111111 1111111 Cic 111111
1111111,11111111,11111111,111111111111111111111111111111111 1111111
111111111111111111, 111111111111111111)θ11111111111 1111111111111
11111111,1111111,1111111111111111111111111111111111111111111111111111111
111, 11111111111111111ἓ11, 11111111 111111 1111111 1111 1111111111 131111
11111111 1111111, 11111 111111 1111111 1111 11111111 [111111 11111, menn 11 11111
1111111111 111111 1111111111111ῌ 111111111111111111111111111111

111111 11111 11111111, 111111 1111111111 1111111111, 111111 111111 1111 11111
1111 6111111111, 11111 11111111111111111 11 111111111111111.

111111 1111 11111111 &cite 11111111 ber 111111 1111111111 111 11111111
1111111111 (111. 1111111 111111 11111 111111, 1780111

11111111 111111 mir Kiula einen 111111 1111 111111, 11111111111111
’111111111111111 Keiner 11111111 111 1111111 111111 11111; er 11111111, 1111 111111 111
81111111 in 111 11111111 11111111, 111 11 11111 11111111 111111, 111 1111111 11111
1111111111, 11111 111 11111 11111111111111, 111 11111 111 1111111111 11111111, 111111
1111111 11111111, 1111111111 11111 11111 1111111 111111 11.; 111 111 111111 1111111111
11111111, 1111 1111111111 1111 111 1111111111, - 1111 111111 111111 111111 1111111111
111111, 11111. 11111, (1111 1111 1111111111, 111 11111111.

’1111111111 [11111 11111111 1111 11111 1111111111111111111111111111,
111111 1111111 1111111 111 11111111111111111111, 11111111 111111 11111 1111
1111111111 111 ,13111 11111. 11111 1111111111 1111111 11111111111111111
111. DeK. 11811121 ,1111 1111111111, 1111 1111111 1111111 1111111 111111
1111111111111111111111111111111, 11111111 111111 111 111 1111111111111111
1111111111 111 11111111 ἢ111 111111, 1111111 11111111 1111111111
11111 11111 1111111 11111111 -- 111111 1111 111 1111111111 1111111111
1111111, 111· 111111 11111111118111111 1111111.“ Kanna 1111 1111111 111111
11111 11111111 11111111. ,1111111 11111 111111111111111111111111, 1111111111
11111111 K 16. DKK. 111111, ,1111111 61111111111111 {K 11111111 sper
1111111111 1111 11111 (11111111 111111- 11111111111111111 1111 1111191111
KKKKu KK &teste 1111111111111,1111 1111111111 11111 11111 111 1111111111
111111111111111 311111111111111111 1111,

1111111111111 1111111 111 111111111 1111111 (1111111111. 11111 16. 111.
11111111111111111111111 111 (1111111111 111 11111 1111- - 111 &innuen
11111111 [11111111 11111111, 11 111 111111 (111111 1111111111, — -< 11111 1111

Qu... -.——..‚...——·-——--—--‘-‘¹

11111111, 111111 159, ³K1127,

 

