1111111111111 11111

1111111. *Baton 1111 &mitten 11111 11111111111111 1111111111 1111111111 1111111
un. vas ordm'xer 111 1111 11111111111111111111, 111311111111111 11111111
1111111111 11111 1111111111 111111111111111111,

nen 111 &teuc 111 111111 ’11111111 111 111 111111111111111 auge:
legun 11111111111111111111111 1111 111111) 11. 1111ἶ11111111111 11111 1111111
11117151111111111111111 gu 111111111111111111 11111 111 1111111111 311:
1111111111111111111 1111111 1111111111 ,1111111111111 1111111111111
11111191111111 1111 1111111 Ξ11111ῥ111, Qua Spnuptgebfiube
11111111111111111111 1111111111; 1111 11111 111111 1111111111 1111 11111111 ’
1111111111] mit 111111 1111111111 ’111111111111111111111111 1111111 11 mit:
1111111 1111111 {nge 5111111111 111111 11111 1111111111 111111 1111 1111119111
1111111111 11111111111111111111 11111111. &numaga 111111111111111111111111]
11111 1111 11111111 111 11111111 ’11111 11111111 1111 ,1111111111 11111( 111 11111111
1111111111 1111111111 1111 Ι1111111 111111. 111 111111111111111111111111111111(
mie 1111 111 ja 111111 111111111111111111111111111111111 11111111. 11111111
11511 1111111 111111 gange 111111 111111 1111121111111182111

1111111111 111 11111111 1111111111111 im 1111111111. 111111111911111· 11111111
111111111111111 1111111111111, 11 1111111 1111111111 6 1111111111 gu 11111111111
111111 um 11 11111 mut} 111 1111111 {mig 111111, 11111 111 gur 1111111111111
111111 1111111 id) 111) 111 11111111 ⁴{hun — NB. 111 {brem (1111111, 1111111
1111111111 1111111111 1111 111 1111111111. Q& 11111 11111 &infinie 1111 11111
&mitten 11111 1111 mir 111111111 1111113111111111111 111111.1111911111111111911κ
1111 1111111, 11111 1111111111 ’111111 11111 tin 1111111111111 1111 111 3111111111
1111111111 111 11111111 111 1111111111111111111 Es 11111111,

nien 1111111111 1111 111111 111111 9111111111( 1111111111111111111
11111111] 1111111111111] 111111111111111111 1111111111 11111 11111
1111111 1111111111 1111111 51111111 11111111 1111111111 1111 11111111· 1111111 1111
1111111111111111111111) 111 11111 111111 11 1111111111 11111111 11111 1111111111
11111111 11111111.

111 111 3111111111 1183 1111111 ’11111111 1111111111 1111 11, 1111111 in
11111111 11111111 11111111Ξ111111111111 11111111 111111 11111. 11 1111111 111111
11111111Ε111111111 11111 Coneert spirituel auf„ 111111 11111 [11111111

111111111111111111111111. 111111111111111111112ῇ, &Qum
⁴ 111111 {hung ῖ11111 191, 311111. 1. 11111. 1796] &63 ⁶ ’111111 11111 1111111111
11111111, »Direeteur des Coneerts d'amateurs„ 111111 91111111111111111111111111111
1111111 im 1. 1, *Euganeas 1111 11111111 1111 1111 1111111 1111111111) mquam 1111111 un
(1111111. 319. 1791 1111, 11 1111111, &vm 1111111111 fit 1111111 111 11111111 111 1111111111,
1» 11111 1111111111 (311111111117116 ὓ. 11, 111113 111 Q 11η mit ‚mis
minet 111119, 1111111111 Θ, 11.

111·

 

