691911511911711

6911711ιί Ι 183⁵ ‘8888 Ι 6291
119869), (3., 11 6352 Ἰ9111711918 1 ’2321
6919114111, 49.. 1 3812 6159911111 Ι 6331
9119111843 ’611999 Ι 14311. Ι 3111
918911, 26, Π 639³ 49414988891. 6,, 11891, 12423. 13233,
9619969991αέ Ι 7213 4 13351, 15591. 15681, 16881. 4 7761.
9,,8, 19, 1 9931. 1 3181 118331 88112 18881. 1911119181,
98611116251 4 192-11915119999119161915,
1918111991 1159-118311189111991.
8888 913811 = 11195,Η112111.119611111.
61116191, Q. 136231 16714119081, .44 1991116181. 1
1100618611 117),1831,11
Π1053,112873 1161737111
6116989,8,Ι2932,11116111111913743
6199811986 183234 2396125711 15911181811,1399,1 ΙΙ 2033, ΙΙ2 -,
1668896818, 16211 1693111551 11 240111116093
1267112823.135621357113539316111511911,11213
136421488415253.71541111861111111111148036632Ἠ
91181819111135113018881818
81818-8.1541·2··³·8 51811661, 61111
162316141. 1733111121 ”“ “
13231,13614,17031,1714
17821, 1 7833, Ι 7913. 1 872
18885, 4 893¹. 4 928111. Ι 1010
1191411.1191811191911, 110251.> ..1111
Π563, 44 8811111891118311 4
884311 1991. 111981, 111981. 4 1 , ,
ΙΙ 1163, 11 1664, 111683. 113561. 3141 5631, 15651Ι 7961 ΙΙ 1191,
113881,113891,111981,1 ,¹ 519111383111881-
Η 6141. 116361, 11 6391, ’“
11 6861, 44 6926. 11 75911. 11 7531.
118381 6111 1,114643,114701,115483.
8911911751 3 115533
6919181619619699, 3,, ΙΙ 2541. 114015Ἰ 611111, 6., ΙΙ 4481
1696911, Q. 99η, Π 585⁵ 16118618, 8., 1 2961, Ι 3571, 1 4853.
1911811, 11, 119811. 18331. 183913 1 18811, 1 1891, 1 5131, 1 9811.
18191 , 1199118111189911981119911,
81418813288881184116191 110101
1616111116, 26, 1897 ¹³. 19321. 1933111 6191111111 11881, 17751, Ι 898 ¹. 1 9621,
1 334111. Ι 9351. 19361. 1 9561 110633. 116643, 110201. Ι 102231,
1111368, (6,, Π 8561 4 10231, 1 19265, Ι 102831. 11 511,
9118191,8,,18971.114981,111191,Ι 11 5211, 11 5111, 11861, 11 811.
Π 4111. Π 41235, 1141322. 114161,7 11673. 11 88³. 11861, Π 123¹. ΙΙ 1263

Ι16231, 116221,
6271118291.[1895111131.
11

7501111797. 8961199111

1111111. 11 1131. 1119111. 11 15111.. 111381, 44 1331. 111491. 111881
44 4282. 44 111111, 1115311. 111951, 11 1981. 11 8531. 11 89111, 1 8981,
111841, 111151. 111131, 11 13311 118391, 118311, 11 8311. 11 8331.
117461. 118362. 118431, 1188884 ΙΙ 4893 44 7501. ΙΙ 837. ΙΙ 8531,
113881. 118911 4 11 9311, 11 9181. 44 888³

9181, 1 3131. 113891 911111, 9,, 1 8891. 4 8311, 1 8391

16199ίέ119 1327116813 6191111, 6,, 44 8981<

8188 1709917321, 1 19911 9111, 11151

 

