’ 11111111 111 Ascanio in Alba

...----——-——-·-

&dm 111 13. 1111111 11111 11 11111111 111111 ῢ1111111111111111
111 11111111 111111 11111 111 11111111 11 1111111 1111 21. 1111111 11

Υ11111111 1111111111·
11111111 111111 11 1111 111 11111 1111111111111111111111111111

11111 1111111 111 11111 11111111111111111111111111111.1111111111
111111 (1111111111 11111711), 111 11111111 1111113111 1111 11111
1111 11111 11111 1111 wie 111111, 111 1111 11111 1111111111 11 1111,
11111111111111111111111111111, 111111 1111111111111111, 111 1111

9111 1111 111 ,11111111 11 11111111 11111.
11111311111111111111111111111111111111111111111111111151111111

1111111111111111111111161111111 111 111111 111111 11111 1111111111.
111111111111111111111 fast 1111111 11111 111111 11 11111 1111 11111
111 11111 111 11111 1111, 11111111 1111111111 11111111 gu fompnnierem
11111 11111] 111 111111 11111 11111111 11111111 1111, 11111111 111 111111.

11111 1111311111111 11111112111111 1111. 11 11111111
11111111 3111111 111 111111111111111111111 11111111 1111111111
11111111111111111 mit 1111 11111111111111111111 1111111111111111111111
11 9111111111 111111111111111111111 1111111111. 111 11111 111111
11111111, 1111111 1111 111 11111111 11111 111111, 11111111 11111111
111111 111 11111111 1111111111 1111, [1111111111 1111111111111111
1111111111111 11111 111 1111 11111111 11111111.

.—-——————¹¹——

111111 111 &ingemina 1111111111 11111 111111 1111151111 11111 11111 111 111
1111111111. aas 111111111111111111111111 1111111111111111111111,” 23 1 31.
11111111 1111111 111 1111 111 1111111, 11111 eine 11111111 1111111111 11111 1111111
‘Bam (1111111111 111111177811 111111111111111111 111111 111, 1111111 11111
11111, 111 fic 111111 111 1111111111 111 1111111111111111 11111111 11111 11
111 1111 1111111111 1111111111 1111 1111111111, 11111111111111111111111, 1111111 1111
11111 111111 1111111 111 111 fic 111 1111111111 1111. 1111 111111111111111111
11111 &follem 111 11111111 ist 1111 1111 111111, 111 11111111 111 1111111, 111111
1111111111 111111 (111 1111 11111111 &mum 1111 1111111111 1111111 111111
1111111 111 butte 11111 messa di voce, fic 111111 nicht 111 souteniren, 1111111111 ’Issntrt
1111111111111111111111111111 1311111111 Q 1167. 911111 11111 1111
11. 111111 1711 11131111 1111111111 (1111111111 1. 1126111 Π1111111111 11111111
111 111 1111111111 111111 111 11111111 1111 111 111111111111111111111111. zer 931111
1111111111111111, 11111 111 mit 11111 1111111111, 1111111 11111 1111111111 und)
1111 effluat. Qr 1111111111 1111116111 111111 111 1111 111 1111111111 1111 11111111
1111111 11 11111111, 1111111 11111111 bem 1111111111 &inne 111 3111111111
111111 1111111111, 111 111 1111, 11 11111 111 111 111 (ῧ11111111111111 111 1311111
affl 1111111111 11111, 1111111 111 11111111 11111111 11111111. ³ Quwnni, Le
1111111111 1111. 11111111 01111111. 1111 vitu del G. Α. nasse p. 27. 1111111111,

 

