W

1111111111 mit 1111111111 1791 701

11111 „mit 1111 91111111111111, 111111111111111111 11111, 111
1111111 111111111111111 111 9111111111 11111111, 111113, 1111
1511. (4.111 5. 11111 ². 11 1111111 1111 1111 111111 1111111111111
1111 1111111111 111111 1111111111 1111 11111 111 1111 111 (111111
11111 1111111111 11111 11111111 11111111 1111111111

111 11111111 &nmfiag [1111 13111] 1111111111 11 111111, 1111111111

1111, 111111 mein (11111111 11 1111111, 11 111111 111 1111- 11111111
1111 111 1111111111, 1111111111 11111111111-11111111 11

1111 11111111 — 1111 111 1111111111Θ1111, 1111111111 111 111 111111

1111111111111111 1111111 einen 1111 111 111111 11. 111 11111 1111111
1111 aud) 1111111 11111111 111 11111 1111 111111 -311 111 1111111 111
Du 1111 11111 1111111 111 111 11111 nicht 11111 1111- 1111111111
11111 111 11111 11111 111- 11111111111111111-111 111111 111 1111
11 11111 ermonem 111 111111 11111111 1111 1111111111111111111, menn
meine (ᾗ1111 11 1111 111 - 1111111 -111 1111111111 11111 11111 111 1111
1111111111 111 wir in 1111111 11 11111111. - N. N. 111 111 111 mit
111 1111111 111 11 mit 111 1111111111 - 11 111 einen gusto 11111111,
111 1111111111, 111 1111111111 1111111.

1111 111111 1111 mein 1111111111τῖ — 111 1111 111111112111111
111 11111 111111-111 111 1111111 1111111 1111111111, 11 1111111
111 1111111111 1111 1111 1111111111 11 111111, 1111111111 1111111111
111 Snai 1111111-11111, 111 111 1111 1111111 1111 111 1111111111
111111 11 11111 111111 1111111111 111 111 11111111111111111111, 11111111
11 1111111111 mit 1111 11111 accurat 11, mie 111111111111111Ν1Ν. -
Snai! - - — - 1111 1111 1111 1111 111 1111111111, 11 11111 id) niel:
111111 111111 111111 1111111111.

1άζιί11ῆ111 6. &uli 111 111 1111111111 (11111111 1111 11111 11111
1 1114.

1111 1111 11111 1111111111 11111111 1111111- 1111 11111111111111
3111 mule 111111, zie ,1111111 mit 1111111111 111 mir 11111111 11111
1111 - 111 111111111111111Ε11111 1111111 (1111111111 - N. N. 111-ι
111111 111, 1111111 1111111111, 11111 11 11111111, - fam 1111 11111, -
11111111 1111111 11 11111 1116111111111 111-1111111111 21111,
1111 11111 111 1111111111111111111 - 1111111111111111111111. '-
1111 ist 111 11111 111 1111111111111111. -11111111 1111111 1111 11111
111111, 111 1111 1111 1111111111 111111 1111 111 1111111111 1111111111
11111, mid> 11111 1111 111 N. N. 11 111111111, 1111 in 1111111111 111111
1111111111 11111111 1111 11111- 11111111111111 un 11111

11111111 - 111 111 (11111111 1111 111111- 11 11111111111111 1111 111

11113421. 22311343. 3111113441. *11113451 11111631Ιί
11111 111 1111111111 1111111111 111 111111 1111111111 im 1111111 111 111 1111
111 (11111111111111 111111. 1111111 311. 1191, 11151,

 

