111111
----——-—-—----‘

011111 111111 1111 111 11111111, 111 in 1111131011111111 111111
1116111111 11111111 111111. 011111 1111111 11111111 9111111111)
1111 1111111 93111111 1111 1111111111 ’81111111 111111 111111) nun aud)
1118111 111111111111. 111111 111 8111111111 111 111111 1111111111
1,,31 111 1111 11111110 11 111 8111111111 1111111 1111 111111 gum
1111111111 1111111) 1111 11111111111119111111111 1111 1111111 &nal 111
11111111111111 1111 in 1111 1111111 1111111111111101111111111111 auf:
11111111, 111 111111 111111111011111111111111, 8111111115 1111 0111111115
1111, bie 01111111 91111111) 1811111111), 1111111 1111111111) 11. 1111111111.
Die 1111111111 1111111 11111111111 vor 1111111111 (11111111 flans 11111111
lid, 1111 3111111111, 1111 111111111111111 1111111011111111111. 3111
1101111111 111 1111 61111111111111111111 111911111111111 11111111
,1111111 111 111 91111111111111 berun 1111 11111 1111111111 111 111111
1811111111 ab. 81 11110 but 111 11111111 11111 111111111111111111111
1111) 111 1181111111 11111111111111111911111111111, wohl 11111111)
1111110911, 1111111111. Die 1111117111ῐὼ1 81111111 111111111111·
111111) &tauers 111 1111 &ubas 9111111111 1111111111 11111
unct) 1111111 1111121111111181) 1111 91111111 111 11111 8111111111
junge ,1111111 181111111111111111111 am 11111111

91111) 17111111 1811111111 11111 11111111111788 1111 111 11111
,1111111111 0111111111, 111 11 1111111111, 91111 1111 0111111111.
Danu 111111 111111131789111 1111111114, 111111 1111111111811111111
111 1111111111 1111111111 811111111111) 111 ἴς. 91. spinet 11111) bem
11111111 111811111111911111111111111 1784 111 17855 1111101111

——————-.
111111 11111 1110, 111111 1111111111) gu 11111, nod) 111111 1111 1119111111111111111
11111110 1111111 &macheu 1111111111 (iu 1111111111 111 11111111) 1111 111111 ge:
11111. Dent 81111 1111) 11111111 ς11111111 9111111 111111 111111 111 1111111111111,
19311611111111111111, 9111111170] 2421, 9111311811 801. 11110111ιί111
1111 1111111 1779 im 81111111 1111 111 11111111111111111111111111111111111. 2 91115
118111111111101111111111111 111 &aba 114 472. >um 2811111111 1111 19111111
mutue 1111). 0. 1111111 1111111111111 1111 111111111111 (1787) 111111 (11111111 81111
11111) 111 Ε111111118 1111111111 1111111 91111111 viretum 1111 muer 0111111111111
1111111116 (1118111111), 2111111110 11111 111 911111 1111111111. 11111. 1111111111)
1789, Θ. 121. 3811111111, 1111111117 211. {lber 11111 1111111 111111111111
(9111111111 1788) 11 89111111 81111111 mit 8111111111, &fut 11111 111
0111111111 111. 111111, 1111111111 136. ⁴ 01111111, Haydine ὦ. 64, 1111111111
1111111111111 im 61111111111111111111 11111111, 1111111111 1111 11111111 3111.
⁵ 8111111111 1111111111, 111111111011111111111, 1111111 1781. Quo 1111111111 11111111

aba 500, 111 1111111 11111 800 1111111111 mit. 11111 111 ι1111111111111111111111111111111
*mm 1786 9111111, 9111111111 11 9801.

 

