ss

1111111111 111111 9119
κ-ἒ
331 1111111111( 11 11111 1111111, 111 11111 11 1111 11111111 1111111, 11
3¹¹3 11111111( 1111111111Ε11111 111111111111111111111. 1111 11111111
1111111111111111111 (11111 (111111 111 111 (11111111111ῖ11111111111
111, 11111 (1111 111 11111111 11111111( 3'33'3111'3 11111111 3113 1111
3111111111111111111111,111111111111111111111111111111,
111111111111111111111111111111111111111111111111111111-
(11 11111, 1111111111111111111111 11111, 111111 11111111 11111111( 111
11111111 1111111 111111 11 1ἶ11 (11111111 1111 111 1111111111 1113111 11 (1111
33311331113 1111 111 11111 311111133311 1111, 111 1111111111111111111 1111
(1111 1111111111111111111 11111 111111 3133111111111'13311111313333333113111
3311131 11 3311111 013 11111 111111 111 3311133 331311111'11 (1111 1111111111, ((111
1111111111 333 11111 1111-111 11111 111. '¹

33111111111311313111'311131131311131311111h331113311311111
111331131 111111113313133 1111111111,11111111111111111111111111111.111
111111111111111111111111111111111111111111111(11111111111111
1111 11111 1111111111( 111, 111 1 ((1 111 1111 11 11111111111111 1111 11111( (11
1111111111111111111111111111111111Μ111111111111((1111111111111
111111 1111111111. ,1111111111 1111111111 11111, 1111111,
111111 11111111, 1111111 311313111311331131 11111111, 111111 111 11111,
1111 111 11111, 1111111 111111 111 (11111 111 (111111 1111, 111 1111111

11111, 111111 (111111 (111111, 11111 1111111 (111111, 1111 1111111 11111111(
1111, 11111111 11111111, 1 (11111 111 11111111 (1111, 11111 1111111111
11111111111111111111111111111111111-(111111111111
111111, 1111111111 Cousme 11111( — 1111111 (11 1133111111131 (11111

1111111

1111111111 1111111( 1111151111

11 1111 111111 1111 111 1111111111111 11111111 11111 1111111111
1111111,11111(111(’(11 1111111; 111111111111111111 1111111111 1111 111111
311111111111111. 1111 1111 3313113111 111 111111111111111111111 1111 ,
11111 111111111111111 3311131133131'3 (111, 3313 113111313111331:
111111 11111, 11111 1111111111 111111 31113113113311'111(2323, 13383
311 (11111 1ἶ1111111111111111111111111 111.

Mat 1115 111111 Cousi11e!‹
3311 3133111 331 (111 1111 111111111111111111 1111 11111 1111 (1111
1111111 111111111111111111 11111111111111111111111111111111111111

111 (111111 11111 1111 1111111111 1111111 11111111 111111, 1111111
3333! 333 3333 1111911111 11111 111((111((11,111 1111111111 111111,

 

