ψ

138 Die 1111111 &pern in 111111

————...--———-—-—

11111111111111 111 111 1111111111111111 81111811111111118 821 1111118111 111
1111 1111 (8111111111 111 1111111111 1111 3111111 1152 in 111111 111111
1111111111 811111 1111 111 11111 111 1111111111111 11111 11111111111111 1111111
[11111111111111 1111111. 1111111111 11111111111111111111 in 1111111 1111111
111 1111111111 1111111111 111111 11111 111111 1811111 [ag 111 111111 811111
1111111111. 1111 1111111111111111111 11111 11111111111111111111111
1111111111111111 13111111 1111111 11111111 ,11111111 1111111111, 11111111
(1111111111 des menus 1111115115, 11 111111, 111111 1111111111 111 1111111111
rung 111 11111 1111111. 3111111111 1111 18. 11111 21. 9111111 1752.
111111 111 ,11111111 111 11111111111111 111 1111 811111 1111111111,
111111. 581 11111 1111. 111111111111111 1111111 11111 111111, 11111
111111 111111111111. Dum] 1111111111 1. 111111 1153 111 1111111111
1111111111111 1111111 111111111111111101111(1111111111 ι’11 111111, eben:
11111 11111 111111111111111111118. 111111 111111 111, 111 „mit 111 11111111
111111 &imme 11111111111111111118 111 11111111 111 1111 ›j'ai perdu
mon servitem«, 111111 1111 111111111111111 1111111111 im 1111111.
1111111111 111111 111 11111 1111111 11111111 81111111 1111111111111
111111 1818 1111 1821 gum 1111111111 1111111111 1111111111 mit 1111 1111111
,81111111 gegeben 1111 1111111111 1111 18114 1111 111 11111118. 88
1111111111 ist 11111111 11111111.

1111111, 11111111111111111 111 111111111 111 11111111111111111111
11111111 11111111 1111111 11111111111111111 11111 111 111111111111111111111111.
11 1111111 11111 111 111 11111111 111 1111111 111111 in 111111111111111111111111,
1111 ,11111111 1111 11111 11 111 11111 11111 111111 111 1111111 1111111111, 11111
11111111 111 ibn 1111 1111111 1111111111 1111111111 111111111111111111111111
1111111111111111111111111 11111111111111111111111111111111111111111
11111111 11111 111111 111 111111111111111 11111111. 1111 1111111111111111111111111

111 11111 nun 11111111111111 1111111111111 11111 111111111111111111111

1111111511111 1111111 111111111111111 11111111111111111111111111111111111

1111111. 3111111 ξιξ 1111111111111111118811511181 1111111111

J. J. 1111511111 1115111111 1881. 5. ’1111111 3. ᾖ 8111111111 1912, C 998

- 911 111111 du vinage est 1111 1111111111 1111111111 dont lts paules et 11 musi·

11111 511111(1111111155111,111111111881111111123 31111117531181111111118111111

(1111111181 “” 8 111111111111111111 11111115311111111981111

8 ⁵ ,11111 a 111 untr'esgrand suceesafontamebleau 1111111111

. 111 1111111111 1111111 1s 1111- joli et 11ὲ1· agreable (111111 p ll28

811111 11111. 11 111111 1111111 1111 1111 11111111 11111111111111118111111111 111 8881

551. 11111 11111111111111 1, 111 1111111111 galantes. ³ 8111111181 8888

11111111, 111111111 1111111111111.11-888

,11111111 1111111111. 8. 11. 11 Δ11111111111111111111111811111111111888
11111 Ι’1111111111 111 1811111118 811

 

