61111111
...---—------·--‘-*‘

11111111 mit bugtgeu 11111 111 (11111111. 1111 ,qam 111111 fingar
1111 1111111111 11111111111111 11111111 111111 1111111111111111
&affin ga113 11 1111111191ηέ 11111111111111111 ist 111 111111 1111 (11).
&e 11 1111 tenua) 1111 11111111 1111111111 111 ber 11111111
augmen 1111111111] 11111 (111111 1111 111111111111111111111 111
9111111111111111111 1111111 111111 1111111111 111 1111111111 in
111111 1111 mmmmm! 1111111111 (11111111 111 1111111111 111 &tumen
1111111 1111111111. 1111111 111111 eie 111111 1111 (11) mit 111111
11111111 11111111111111 11111111 111 1111111111111111111. Der
1211 11111111 arei 1111111111(1111111111111111111 Ε11111111111111111
111 1111111111 1111111, 111 11111111 auf 111 1191111) menn 11 ibt grosseu
111111, 111111 11111111, 1111111111 111111 nn 1111111111 1111111111 im
1111111111. 11111 1111 111 1111111111111111 1111111111 111 11111111
1111111 (1111111111, 111 31111111 {ngat 11 111111911111 Qun„ 1111 nuber:
1111 11111 111 ben 3111111111 11 1111111 111111 111911111111111111111111
31111111. 1111 111111111111111111111111111111111111111111111111111
1111111111 11191111111111111 in 1111112111 111111 1111 11111111111111111.

1111111 1111 gang 111111 &numina steht 11 111 111111 [emen
11111 (21, 22) 111111. &thou 111 1111111111 1111111111] 111 ner:
[uffenef 1111 Ε111111111111 1111111111 1111111 111111111111111111111
111111 111 1111 1111111111 1111111 111 1111111111111 111 111 opera
seria, 1111111111111111111 1119111111111111111 1111 1111111111 auf
111 1111111111 111111111111111119 111111 ,111111 1111 1111111111 1111111111.
ῗςη 111111111111111111111 &genes 111 1111 1111111111 11111111
1111111 111111) 1111111 Ξ11111111111Ι111 11111111111111111 &111ss
empots 111 11111 1111111111 ist 1111111111111ιᾶ111111111111. Die
1111111111 1111111111 11111 cin 11111 11111111111111111 (1119111111

&A

11111111 1111111111 1111111111 bem forte 111 1111 [11111 ’11111113
“ 11111111 11111 11 11111119 11111 1111111111111111111111111111111
111 11111 111 1111 (111111 1111 1111111111111111111111111111111111

¹ 1111 ben 11111 §bor in (111111 Orfeo. 2 1111111119 ἰῇ aud„ 111
cr 1111111111 61111111111111 mit 111 1111111111 111111 1111111111 11111111,
mus 111 11111111111111 11η [1111 111111, 1111111 1111 mir 111 11111111111111
1111161111111 111 gut 111111 111111 11 run 111, 111111 11111 1111 11111 einen
1111111111111 ibt 111111 ist,
53 111111, 1111111. Ι, 34]

 

