299999966 ”
.------------.

18919, 699114431 12)(9699111,16771

9191111116 1 1872 1Β91111916( Π 64211

11911111, 99 118643 Β91919, 911, 14111’..11Ι4111671·.16..1
919119, 91.,Π4062. 115643 ¹ 1745.11191’1.11 1241.11311.11521.
11999,9,Π5783 ’ 1184111 Ι 1861. 11881. 119911.
18999999114641.115631116183. 1191. 1191111911911 199,,Ι19991
116212 ³, 1206’ 12073121915.1.229112421
1891191, 11911212 13001.3 13221. 13233·1
Β9111616919161455 ’· 12324211 325513351. 135911.
91999, 11., Ι 7481 ² 136311. 13661. 1466 -. 16525.
919991, 2.,18832 1 5591. 1 563 ³· ³. 1 6091, 1 6931.
QQIQMWU ÷1mussffl4ssffl4ssQw
Β9199161916391 3 11902116175

’8199111969 11., 11 2791 ,911919 1 5591. 1 608³. 11 409³
21116119, 16. 69, 11 4391. 11 4391 1896 1 1835

2391191199 11 229 ³³ 21911191, 9.. 12571

1196911916 Ι 9915

Β11111611, 11., Π 8482 1 69161118 16391. 1640119101319115.
2516196991 Ι 2751 ³ 19125.19192.117913 11 8091
211919 61 21919 Π 839³ 4051359'1 1911 1 2191
9ω969ω5η619ὣωψ999ωη56Μψ

Π7063. 117622· 3. Π76312. 117942. Π 7341. 1176611118381

119961 11599919914781 16951
Β1119991,9)1.,Π995. 119961 1159991 91699 1 6401
2116919919113199199911125132033.1611311651.
Β99615491.15523.111101 ¹ 11671. 11 61711. 119415
2166119,9111.699,13245 6911911111 75911. 11 9252
Β969Π4341.118361 (191(111819191991 16291.112941
9191111, 6.,1711 1 1114351114372115531. 1183913
4161999 17211 1691169999 1 761

219119 11 4391 11561919969,9,11.91131. 1146111841.
2999916331 <1 12601.12611.13131.14021.19291.
Β991, 3. 669, Π 7591 118671. 11758 11 1631 11 2563.
Β691169116721 Η4491-· ³. 114521.114642.114773
21616991Ιὸ553 115351.116142.116211. 116782
’8191699116331 15(999,1’1.,117061.117511
91991999114061114995116425 1561191, 11., 1 1119. 11 161. 11 480³.
2119116961 6112, 1 7503. 1 8351·2 Π 4972. 11 4941. 115461. 11 7992
8555. 916, 1 6612. 1 7093 619199 13232· 3. 136131543316931.
Βτί6ἰ 1 8835. 11 523 18761. 18811. 18935. Ι 8971. Ι 8981.
21161196, 69116941 1937 3. 1 9771. 1111091. 110131.
211969, 3., 1 2261 1 10181. 114811. 11 1061. 11 1091.
6996369 9Μ1ΗΜ5ΗΜ1ΗΜ1
2161999, 9., 19215 ΙΙ 416 ³. 116175. 11 6261. ΙΙ 7102.
91991, 6., 19151 118383
Βαῆ, 11., Ι 11.1 431 15116191 ΙΙ 941
9911119991, 11., 112841.113391.114445. 1599191 1 140³. 1 2291. 1 7093

11 445³. 11 480³. 114863. 11 5511. 619169, ,11. 69, 11111. l 081³. 11 7691

ΙΙ 5653. ΙΙ 830³
1899199161, 13.. 111091111111, 11 1121. 991199, 9., Ι 1161. Ι 3901

111141 ’1199191 1501. 11391. 1 6371. 19111

1111*

 

