ψ

104 111111111111111

11 11111 111111 11 1111 1111 1111111 1111 11131111 11111 1111111
111111111111 111 &fimf 111 111 111111 31 1111111111. ῗ11 13111111
1111111111 (111111 1111111111 111 11111 1113 11111111 &ext 1111
11111111111111111111 in angustie„ 111 11111 111 &omma 1787 in
111111 111111 1111111 31111111 111112, 11111 1111 &tel 31111111
111111 1111111111ὃ 111 1111 1111 1791, 31111111 1111 1111111111·
1111111, 1111111111. &miter 111111 111111 111111111111111111111
11131111111111111111111111111 111111111 111 1111511131 111 141111
111 1797 1111 11111111 1111111114. &mitet 111111111111 1111111111
1111111311 11111111115 111 1111 1111111111 1111111 1111111111.

Qu 11111 111111 1111111111 31111111 1797 1111111 11111111 111,
11111111, 1814 11111111 1111 1111 1111111111 111 1113111111.
1845 1111131111 1111111111 11 1111111 111 1111 1111111, 11111 1113
1111131131 11111111111111111111111111111111111111311111111
11 111111Θ11111111111 1111111 111 31111111111111111111113 1111 1111
1111111111 31 11111111 11111 111111 1111111117. 11111111111111111
1111111111 1111111111, 11 11111 Θ11111111 1111 11111111111111
111 811111111131111111111111 111313. &o 11111111 111111 111
11111 1111 111 111 1111111 3111 111111111 1111111111111 11111111

11131 ,111 1111 11111 1111111111 1111111111, 111 1111 11111113 111
111 11111 1111111111 111 31 111111111 1111311 1111111111111111111111
11111 1111 11111 1111 111 1111111111111 1111111 1111311111 1111111. Qus
1111111 11111 111 ῧ111111111111 3111111111 311111 (111111, 11 11111
1856 11111 31 1111111111Β11111Ρ11151111 1111111111. 11111111

111111111 11111111 111 111 6111311111 11911111 „Qet 11111111
1111111111, 111 111 13111113 1896, 1111111111 in 1511111, 31111111
111111 11131111113111 111 1111 111111111111 1111111111111111

1111 1111 11111111311111111111, 111 1111 111111111111111111111
1111 111111 11131111111111111 111311111119.

1111111, 1111111111, 1111 1111. 2 111. 111 111
11112181. 3111111, 1111113111111 11,111791 3111113119. 93111111
1111111111, 11111111131111, 1114781. 4111111111111811111111111111111641
5111111,11111111111111111111780 1111111111111111111111111111111
,11111111111111111,1111111111111111111,11111111(1111113 111111111111111
1111111 111111 1111311111 1[111 1111 1111111 1111111111111 1111111111131 Qi‘hmffl'

(111ῐι11Θ111111191111111111 6 111.) 1111111, (1.18111111111111111
1111111111Βῶ 111111111111111113111,1111111111,1]]111111·1111111111111131111911
(111433111111111111 ,1111111111,111111311111111(1111511174)

11111111, 11113111 C 2211 1]”1111111])1181)11891,..,112 351·

 

