1000 1111111111, 1111111 1111 1111111111

1111111111 11111111, 11111 111 1111 111111 11111111111111111111111 1111
1111111 ς11111111 nicet 111 1111111011111 1111111111, 11 11111 11, 1111111
1111111111 1111111111 1111111111,11111111111 1111111111 1111111111
1111111111, 1111 (1111111111, 111111 1111 11111111 111 11111111. 01111111
1311111 111 1111111111 1111111111 11111111 111 1111 1111111111 111 111111
(11111. 1111) 111 11111111

nie 1111111 meimet 1111111111 11111 1111111111) 1111111111 1111111111
111) 1111111 1111111111 11111111, 111 111) 1111111111 1111111 1111111111111111.
- 1111111111 1111111111 111 111 11111 111111 id] 111111 111 11111 1111111 -
1111 1111111111 11111 id) 11111111111111. 31111111111111111Ε111111111
11111, 111 1111 1111111 1111 &bre 1111111111 111111. 1111111111) 1111111111, mein
11111111 1311111111, 11111111 111 (1110111111) 11111111111111111111111111,
11 1111 111 (111111 ς11111111111111111) 1111 11111111 1111111 um einen ge:
1111111111 11111111111111111111 11111111, ---11111 1111110111111 111 111111
111111 11111111, &ie 11111111 11111, 111 111111111111111111111111111111111
1111111111 1111111111 111111, 11111111111111111μ- 1111 11111111 111 1111111
0111111 111 ibren 1111111111 - 11 1111111111 11111 111111 nieht! - 61111
1111111 -— 1111 1111111111111 111 1111111111111111111111 gemacht? -111111
nieht! (11111111 111111, (1111311111, 1111111111011111111111111111111
11111111 111 1111111111 1111111111 11111111 1111 1111111111, 1111 11 1111111 1111111
111111111111 1111111111111111 111 1116 11111111 0111111 1111. -- 11111111
11111 1111111111 11111111111111111111111111, 111 111 111111 1111 11111 1111, 111
111111111111111111100311111111111111111111111 11111 1111111
111111 11111111 man 11111111111111111111 11111111-1111111111
1111111 111111 111111111111111,111111111111111 111111111111111111 111
11111111. — &e 11111111 1111111 11111111, 1111111111 11111 11111111) 111 111111
11111111 1111111111 1111, 111 id] 111) 11111 1111; - 11111111111111111111 Sd)
1111 3111111 1111111111, 111111 111111 11111111, 1111111111111
11111111 gegeben 11111 mie] 111 1111111111 11111. &ie 11111111111111111111
1111111111, 1111 1111) 111 (1111111 1111111, 1111111111011111111111111101111
1111 11111111 geben 111111 11111111 1111111111 —a 1111111 - 1111 111111 11111) 111111
11 lenge 11111111 1111 11111 1111) 1111111111 111111 11 11111111111111111
11111111, 111111, 111 id) 1111 11111 (menn 11 1111111 111 1111111 1111111111
011111 111111 11 1111111111 1111.

1111111 11111111 111111 11 111111, 11 1111 1111111111 111111 1111 111111
1111111111 11111 11111 11111 1111111 11110111111111111111. ’1111111111
1111 111 Concerts spirituels 11111 des amateurs 11111111 11111, 11 111111
11, 11111111 1111 01111111 1111111111 111111111111111111111111111111
11111111 1111110111. 1111111111111 11111111 11111111111111111) 111
11111111 1111111111 1111111 1111111111 1111111111 1111111111 11111 1111111111

¹ 0 ΙΙ 180. 2 metaneam> 11111111 (1111111781 &affieri 111 1111110111
1111 111 ,1111111111 111 0111 Les 0111111111 (0111111, &alieri Θ. 1711,

 

