ψ

494 11111111111111111116111111111111111(1771-1771)

11111111 11111111 gu 1111 11111 1111111111 1111111111] 1111111
111111111111111111111111111111111111111111 111 1111111111111111
1111111 et 11111111 111 (111111 111111 1111111 1111111111 11111111,
111 11111111 1111 11111 11111111 111 111 1111111111 1111111
11 1111 111111111111111111 11111111111111111 1111 1111111
11 11111111111111 1111 111 1111111111 111 Gloria 111111 111

ciuem 11111111 ber mn ernustes 1111 Quoniam, m 1111111111
gorm 111111111111111. 1111111111 stegen 11111111111111111111
Domine Deus 11 111111111111111 11 11111111111111 1111111111
&olo 1111111111111 111 1111 1111111111111111111111,111111
Qui tossis 111 111111 11 1111111111111111, 1111111111 1111111111111
1111111111, 111 111 11111111 111 11111111111111111111 111111
1111111111 1111111113 1111 11111111 gresten bie 11111 1111111111 111111
Jesu Christe im 1111111111 gerare 111111 111111. 111 Credo 111
111 111 11111111 111 1111111111 11111111111111111111 11111111
1111 11111111 1111611111111111111111111. 1111111 11111111
1111 111 1111111 11111 &este 111 1111 111111 11111111 11111111 111
111 1111111111111 1111111111 1111111 1111111 111 111 111 1111111111
11111111 111111 1111111 111. 111 11111 1111111111 1111111 1111
111111 31111 1111111111. 111 Ε1 incarnatus 111 11111111 1111111111
1111111111 111 11 111111 111111 111 1111 11111111 11111111 1111111
Crucifmus 11111111 111- cine 1111111111 1111111111111111
1111111( 111 mit 11 11111 111111 11111111 111111, 111 5111111111
111 3111111111 111 1116111011111 111 1111111111 111. M
Benedictus 111 11111 111 11111111 111111111111111111111111111111
1111 ez* 111 111 rame 11111111 111 111111 111111 11111 1111111111111
11111111. 11111 111 Agnus Dei 111111 11111 1111 111 11111111 311
11111111 111 11111111111111111111 111 11111111 1111111111111111
111 15111 mrsu 1111 1111 am 611111 1111111111 1111 jener 11111111
11111111] 111 111 11111 111111111111111111111111. 11111111
11111111 111111 11 1111111 11111111111111111 111 rtur 1111111111
&ufic 1111 1111111111111111 1111 aher 111, 111 er 1111111111 111111
11111111 Dona 11111111111111. 111 1111111111 111 Agnus 111111
111 11111 Dona 111111111 111. 111 Dona 11 111 111 111 ist

¹ Θ. n. Θ. 3711. 1111 Ε1 resurrexit 111 1111111111ΙῖΜῖ 1111111111
rung 11111111). ³ 1111111111 111 11111 111111 11111111111111 11111110
sacrus est 1111 111 mummi? 111 111 (1111111111 1111111111 111 11111111
sepultus est ἰιι 111111 1111111111.

 

