ὼ

8441554444 4455 8514414154
Q

5568454444 45441· ,1415154155 44441
5551554454451544 444 ,144445551445444
45461815551445545484111141441441444
0414444144 1 5561 ὓ844554411444514 5444

455911 84444444 im 115514 8555411444 ,
456711 814155441448845544541 4 5691, ·,
41544151448144 841144 457211 1144 4
144155954454115411444145 457711 41144 ¹
4414 1444444 ,14414 45781 8451455515

1781-1791 444 4784444,
487 1011 845141445145 44444 41545 8444444
1441 4 8781 8414444 544 544 85414414454411
4879111 144171441444841544) 444 884444
48821 8845174444 44441 8144444544 188611
4844444444554145 um 44548514414551 4 8801
’11441114144551 [8932 8414414189511
84444514 84144444441445 4444 ’,1544444448 7774.
14444448845487411844441444414545

5418151445 457811 8444151551455 4445 4, ³

41444 8511414551 4581111 1154445411 45
8155514445 458611 1154144415) 5441
884454 4581·7 ,8451111514 544 851444
1444 544 17544144 814414 4 5901118441.
14444414 84545145 144145 514 844414 4
59111 8444414414 545 81441444 4598111
8145158841444445511441544441441 158711,
814144 45 81444145 4 641111 411455 44544
14511454141458 144144 640811 84441544
854444 4 605111 8844415415 8541444151,
44544) 4114446 15 444145 46 01, 1411414145
445 8855514144 4 613111 85144514 45
115415 4 6271 8415544114445 145414 6981
8441144441 5558151454 555144544444)
144 Ι 70011 84414144 551 8451744151
70211 ι,11441 51145144 1844544444 703111
14444114 141444 514 1455111414414 87444144 44
7051114454441 8144445414ιί1 15814444
17088514511845586554441414447-
415411710171444441144447141η 'Iob
444 8714414444 7201· ,81454 84 1441551444
,44 81544154 47221, 7151514145 5441
ί541154147241118511155551 1441
85415441 4 7281 11154414 44444 4115445
4 7461 8514511155 45 8115114541 555
8145514144 4 74711 851145115511 44444,
1414441444 475411 85154414 444 85441541
47561 1151551515 84554446 4444 85414
14441 4 75814 1145414114514144 8544114
1444 4 758111 8511451 544155545454
1444 8144544445 4 7641 8441511546 45 545 4
854414444476611 44144545 444 Idomeneo ¹
476811 8511514554 Ι 7741 84141)4,’
5544118445 444 441145 4 778111 [sonu
114511144154441441 4 7821 8154441551 555
844444) mit 5454 8411114441 478411,
841154511154114441544445448441444 4
79011814441144145 (1144454 444 4ἷ541
burg 1782181454 44441 54441 81451444
84141784

44455444444448961.;
444 544 8144· 4 88811 81.
44444 Υ41884444 44554744114481 44 scine 0311:
1141444511 4411144441 10001 8517414551 414
11554444544544141 4464 41008 8448444455
544444441004,145445414154 84 44
1007, 14414 54 144144 ,1414514 14 4444441441
1551444 45 88445 4100911· 4114444444
44544414 4410161· ,1455445551 1414455445
45 774 7851454514 101811 .7,1.1’ 44141
1444114 4444 544 84541441 1551 44 4544 11454
14414144545410201 ,1144444454 11514454
884474 4 10221 1155515144 44144 4
4024111 8711 ,1455454145 4 1062111
,785111451485151158151445558554
54444) 544 ,1144544 44 8711 81414444 541
441445 84114444 44 881 814144 544 15454444
84 5544) 8511144451 44 8911 8514451455
444 8514144414 44421 8841115514 7844.
1414444446 15 8544444 884544 4455 5445
7551141515 81444554 44 4511 814 Um:
5th 44444 8145141454 44 52111 144558
1414514 44444 341, 14544544 44 55111 844.»
44444 im 1454414 5445 ’3551545 44 6111
(84141444144414454141514545 44 68111 811,
ab} 9714114445 544144455544444445455 14
73111 8454151444545 1444 5444 84545
417711 841441445515445 8844544 8541
44 80111 811 8445554154411 45415445
844455 555 84444445 44 86111 81, 1444
54441 ,14445544 4455 8544) H 443111 81454
8145411545 44 98111 8541514451 4455
8444444151 544 8445511444544441445 44
10311 L‘Oca del Cairo 111071 Lo
sposo delus 0 H 1071, 81,415444411111511
5548511551444109118511441541
541114154444111118511141145514544
1141544 44114 411 8414451514 545 141545
14186911 8144 14444 541 54414444 ,11444541
44 4061 84414144 5441 5454 814414 45444

 

