ἓξὲξ-Δῆμέ

911ιί5511 Ι 1843. 12003. 12053. ΙΙ 625. 91145, 8., 1 5oe1
Π 6283116293 9841115411, 6., 1 161. Ι 2761. Ι 5651.
3333361114. 1. 1 189¹ , 1 11441 1144. 11 1114
9174ηηί471, 6., Ι 2033. 122831. 12321, 9811816150 I 8913. Ι 8953. Ι 9933.
13321. 1 34013. Ι 5643 19941. 1 9954, 1 10031, 110053,
3131431. 3. 11 6811. 11 41184 11 609⁵. 110164 1141144 110302. 11 114.
113901 11341.113514115141154411661.
911115 Ι 7043 11571.11851.Π 923. Π 1143. 11 1211.
91148511, 5., Π 4643. 114713.Π 5483. Π 1243. Π 1291. Π 1363. ΙΙ 1371.
11 8033 11140411 40911. 11 4101. 1141231.
9828111515οξ), Π 1663. Π 1873. Π 2301. Π 41333. Π 4213. 11 4251. Π 6213.
11138411 3801 11 038³. 11 709⁵. 1111104. 111121.
9101585111, 111, Ι 4013. 1 411. Ι 573. Π 7133. Π 74913. Π 8401. Π 3411.
11231.115531189111913121933. 11 8453. 11 8461. Π 888. II 8913
1221113331. 11314 11194. 11814. 3114111, 41, 11694
15591 966111Ι111.14131453174311221.
91111111, 91, 1 2903. Ι 8611 11911. 11961. 13683. 17551. 17651.
91141141, Ι 874313. Ι 8763. 1 8773. 18153. 199413199533110033.
1 878 ¹· 3. Ι 9353. I 10071. Π 733. 1102233,1102431102533110261.
11 1001. Π 1063. Π 2933. Π 4431. Ι 102711. 110291. 110313110323.
Π 4463. Π 4591. 116261. 116333, 110331.1121.11353.11381.Π391ιι
Π7811.117843.118361 11421. Π 543. Π571. 11651. 11733.
9811511,.0., 16781 ΙΙ 771. Π 1113. Π 1203. Π 1221.
9214111581111, 3., 113921 Π 1233. Π 1261111293. Π 13611.
9161519113 111391. 111701. Π 1893. 114123.
1111144161,6.11.,12191 II 4163. Π 4243. 117093. Π 3401.
91141118, 916, H 1041. 11 7641. Π 8373 Π 8443. Π 84531. ΙΙ 8463. Π 8471
9651161146 Π 8413 971111, D. Π 181
9114111, (3. 11411, 1 2203. 1 8831. Ι 8883. 974111,2.,11373.11573.Η 581. Π 5913.
110003. 1 1005. 111031. 111151. 11831. 116911. 11 8461. 11 043¹.
11 6852. 11 6461. 11 8501 11 8451. 11 6541
9115011, 0. 5., 1 2321. I 6753. ΙΙ 4451 9148164681 I 263. 1 381. Ι 433. 1 523.
9118911, 1111, Ι 1671 1571. 1611. 1631. Ι 7433. 1981.
91181111 (84115411ῃί1141) 1 12533. 1 1311. 11201. 11541. 117631 1811. Ι 1961.
11321. 11411. 11523. 1531315321. 12003. 15041. 15053. 15693. 16001.
15341, 15363. 15501. Ι 5533. 1 5371. 1618317003. 175231760317651.
15891. Ι 8733. Ι 87413. Ι 8763. 1891118151.189131900119931.
187713. 18811. 1895319153313. Π 21. 11 323. Π341.11473.11593.
19213. 110161. 111051. 11 3683. ΙΙ 653. Π 753. Π 1191. II 126¹.
114273. Π 4433 112563. Π 6081. Π 6141. Π 6931.
9111111αῇ5 1 2191 117413.118451·1.Π8463.1188933’1
9145411324
9159411, 5.(31. Π 191. 114741. II 5784 Quina-{boman 1 6291

Π 862¹ 21811111518941 11 6441

650600103058415 9115411 Π 863
5381111114 1 6391

wemmam 8., 16751
111141111114134134141449414481, 3111 31 Π 4³⁹¹
17823.18743137511101011110113. malma, 00r..115701
110131. Ι 10253. I 10303. Π 611. Π Unde 11401. Ι 1883. Ι 2081. Π 611.
823. Π 863. Π 891. Π 901. Π 1001 II 3691. Π 6433. ΙΙ 6623. Π 7501

 

