316 11111111111111111111111111113111111111111111

-—„-.,...-—-—-

1111 11111111, fiam 11111111 ,0111111111 111 111111 3111 111
1111 1111111111 Regina coeli 111 1111 11111771 1111772111
111111 (11111. 108, 111110 111 111127] 111111). (1111

11111 11111111 111 1111111111 11111111 11111 111 111 11111111111111
(11ίῇ 1111 [tinem 11111111, 111 11111111 11111111111 1111111111
1111111111011111111111 111 {ciuem 11111 11111111111111111111
1111 111111111111111111 11111. 111 ς11111 11111111 11111111 111
111 11111 11111 1111111 11111111 11111111111111111111 111
1111111111111111111111 1111111111111111] 1111 1111111 01111
1111111 111 1101111111 0111111 111 ,1111111111 111111 11111111
111 1111111111. 11111 111 1111111111 1111110111, 1111111111 01
11111111 111 Sper 11111111 111, 111111 [111 in 1111 111 11111111
111 Θ1111111111111111 111 111 111111, ora pro nobis Deum, 111
111111 111111 1011111 11111 111 111111111111111111111111111
1111111111, 1111111111 31112. 11111 111 11111111 111 1111111 11111111
11111111 111 111111111111111111] 11111 111111 111111111111111111
1111 ι1111111111 11111 1111111 111 111111, 1111111 111 111111111111111
11111111 stete 111 1111131111 1111111011111111 1111111111 ist 01
1111111111 111 &010³ 111 1111 11111111 1111111 11111111111111111

11 1111 1111111 3111 111111 1111111111111 111 1111 11111111
111011111111111 oMotetto 11 1111 (1113. 117„ 111111).
11 111111 111111011111111111111 1111) 111 1113111111111111111
[11111 1111111111 (1111111 1770) 4, 111 111 1111111111, 1116111111
1111, 111 111 11111 111 111111 01111111 11111111, 111 11111111 111111
111111 1111111 111115. 11111111111111 11111 1111111111111
1111111 6111111111 0111 111 111 111 1111111111 1111111111111111ς
11111 im 11111111 &bema 111 Jubilate:

Μ

11111. 108 111111 un 111111 &7112 1111 111 3111111111 (1.1. 61269) ²¹¹⁶
[11111 11111111111111 11111111, 111 11111111111111111 1111111111111
03111111 1111111111. ² 3171 11111 Regina 11111 meam 1111111111 111 1311011*
111 111 1111111111 1111111111 111 1111111111, im 111111111111111111111 1111011
111 6111111111 im 111111111111111, 111 fust 11111 11111111 verum 11111011ι
1111 1111111111 1111111 &omnus im 1111111111 beuter 1111111111 011
111 hiet 1111111111111111 [111111111Θ111 111 111 buhen, 111 1111131111*ί
1. 11111111 1111111, 01111101 1111 (11 IV 10). ⁴ 11111116. ⁶5³⁴
1 181. 11111111 1777 1111 1111111111 «110111
bier 111 0111111111 11, 111 bit 7i7117icb1 11 1111 1111 111ίί11 1111ἱ1001111“
1111111111 111 {buum} mun 1111111111 111111.

 

