ψ

28 1111111111 ς11111111111111111
ψ’..-
1111611111111111111111111111111111111 11111111 111 111 11111111Ξ
111111111111111111 111 1111111111] 111 1111111111 111 1111111111111 11111
11111111 11111111 (111111 111 1111111111 1111 11111 1111 11111111 1111111111
111 11111111 11 1111111111 11111 11111 11111 111111 11111 1111111 1111111111
1111 11111 11111 11 1111111111 1111111111 1111 111111 111. 11111 11111111 111
(111111 1111 1111111111111111 1111111111] 11111 11111 11111 1111111111 111
1111111111111111111 11111111, 1111 111111 111111 11111 11111 111 111111
1111111111] 11111111111111111111111111111 11 11111 111, 11111 111 1111 1111111
111111111111111111111111111 11111111 111 11111111. 1111111111 (11111111 11111
1111 11111 111 1111111111 11111111. 111111 11111111 11111 1111111111] 111
11 111 11111111 1111111 11111111 1111 1111111111111 11111111 111111 3111 11111
111111111111111111111111111111111111 11111111) 111111111111111 1111111
1111111311111111111 111111 111111 1111111. 111 11 11111 111111111111111 11111
1111111 11111 11 &t tannen 11 1111111111 111111 1111111111111111111111111,11111ι11ε
1111111111 11111111 11111111111111111111111111111 11111 61111111, 11111111 1111
111111 1111111111, 111111111111111 111 1111111111 1111 11111111 11111 111111
1111111111 1111111 111 1111111111. &t 11111 11111111 111111 3111 11111111
111111 61111111 1111111111 1111 111 111111111111111111111111 111111, 1111
11111111 111 111111 11111 (111111111111111111111 1111111. 11111 11111111 111111 11
11111111111111 111111 11111111 111111111111111, 1111 1111 1111 11111 tuns
11111 11111 111111 111111111111111111111Ε111111111 111111 1111111111 1111111111.
(ἕο 1111111111 1111 11 1111111111 111111111111111111111” 1111111 11111111
11111 1111111111111111111111111111 1111111111 11111111. 1111111 111 1111
111111 1111111111 111 111 1111111111 1111111111] 1111111111 111 11111
1111111111111111111111111 (111111 11111111 11111111 11111 1111111111),
11111111 111111111111111111 1111111 11111 1111111111 11111 111 1111111111
11111111 11111 111111 11111 1111111, 11111111111111111111111111111111,
111111 111111 111 111 111111111111111111 1511111111, 11111111 111 1111111
11111111 11111 11111111 11111111111111111 1111111111 111 11111111
11111111111111 11111111 111 11111. 111111111111 111111 1111111161111111
11111 11111 111111111111111 1111111111 1111111111 111 11111111 11111

111111111111111111111. 1111111 1111111111 1111 1111111111 1111111111
1111111111111111111111 11111111 11111111 11111 3111111 1111 1111111111 1111111
11111111111111111111111111111111111 111 1111 11111111 11111111111111111 1111
11111111 111111 1111111111 111111 111 1111111, 1. 1 1111111
11111111 1111111111, 11111111, 1111111111 11111. 1111
111 11111111111111111111. 1111111111 1111111111111111111111111111111

¹ 9111 01111111 ΙΙ 311111,

 

