ss

160 La Clemenza di Tito

1611111111 um 1111111111 611 11111111111111 61111111111111611 11111
11611911 61111, 1111116111] 11111161 116 6116611111 3111116611
11111616111111111111 &extus 1161111611 1116 1111111111 611 (61111
11111 mit (661111 611111. &thoul 61111111 1116111111 16111111
61111111 11111 1111111111 11611111611111) 611 man 1111 11 1611111111
1111111111 11111111111119111111611111111111. 91111611 181111
einez 1119111111 11611111111111 3111111111 1111111111 1111 in 611
1111111111 611111 1111111661 111111 011116166111111611 geigten„ 1611
111 91111111 bei 11111 61111111 1111111 batte 1611611 161111. nie
1116111111, 1111111111 111111161116161111 11111111 famen 1196 111
18111611. 81611111 1111111 einen 111611116111111

61 111) 1111) 1116111111, 61 er 11111 0111 mar, 11161611 ein 9111161111
116111111666 111 11111111, oter 11114611611111111111111111, 6111111611
61111111111111111111111 bin 116 6111 611131111111111111 611 1111111 61111111
111111 111 6111611111ς et 1111161111 mit 6111111611 111111.

311 111111 161161 611111 1111111 11111111 111111 1611161116111
611111 1666111111, 1111111 111 111111 611161111111111 61131166116111]
bem 30. 0111111611 1191. Danu 6111116116 er 611 gum 31. 911111 1795„
161 et 111 1611111 8111111161 1111111111 von 61111111 11111111 gut

6111611111 1111111111. 01611111 611 3116111611 1111 1111111111,
menn 1111 1161111161111111 611111, 11111 {hm 1111111. 11116 im
1111116116 im 6111111 1111111 11 vom 6161611611111161111 16
immet 1111611 111111111116166111 1111, 11 1799 in 16111 116
81111111 111 1111111161 116 in 1111111111 1. 911. 111 Qun
auffffibrungss. 311 111611 1111161 et 1806 1111 11111 611111 gum
11111111 611 611161111611111 1111116111 116 11611 111 611 11111 0111
81111111] 611 6111 11101161 11111. 61111 11111111 Pam 111809
(1561111111, 1111) 111111 181611 1161111 6111111116 1818 (61111111.

1119113018221. 11811111 6611 6111 6111111116 Θ. 69. 1611161116
12691, Π 3681. 6111111161 6111111111 1111 11116166ίί1) 11111 111111111111111.
1111111311. 180616. 1111131151. 51111361. 6661111110111111,
(ὅ. 98. 61111111 81111 1111 611 611111. 6111111, 6111111111111 in 1161111,
Q 192. 1 6111111111, 0111161116111111161111111, 16. 96. ⁸ 6. 1811111111
Θ. 261. 1800 16111 ibn (661111 61111111 11116 1611161 bei 611 61111ιί1111 611
6111111111 11116 bun 0111111 6111611111 1116161111 11161111. 6111111111 611 061111
1111111111111 198, 1011161161, 61111. 311. 11 123. 111111, Mus. 1111111131·
11111, 11111111 6116 1311161 in 6111611, 6. 1451. ¹⁰ 111τί111 IV 286. ¹¹ 619118
1111111463. 11 61116111. 11 Scala( &308

-ῧὴὲε

 

