ἓξὲξ

anmqfflu
.------------

1111111113 11 6921
1111111111ηόῐίΙο 1111, 1 7613. 18183,
13643110233111303, 11518
nmmmfflMffl³ssm³³
11759133117601.118351. 11837
8111511111, 81,111111 5123
8118116331

8111111861611111111) 11 363³ Π 311611111Μ

811116, m.. 189715. Π 5693. Π 1313
11 64211. 11 8363

81111111, 1511119, 1 9511

,811551 5511 Π 4543

8116111111, ¹24.. van. 11 44¹. 11691.

11 701. Π 795. 11713118113
8111161811, 5,, 1 111. 1933. 1 3131611.
19511145511163, 11171. 11193.
1171311751.12033,12183.12193
1223312323.123531211112601.
12631. 12815. 129731801113381.

1910116805. 11053.11181.1119-.
11215. 15501. 15523. 1559115511,
15625. 16291. 169211696516191.
1 6691. 1 6751. 1 67735. 1 6855.
17085.18051191011921119265.
11185. H 59³. Π 895. 112963.
1125115. 11 254¹. 11 9525. Π 101 ¹.
111151. 11 485¹. 11 5523. 115685.
587 ¹.
Π 6005, H 728¹. 117811. Π 7995.
Π 83611. 11 850¹. 11 858 55. 118665,

11 5795. 11 5765. 11 5801. 11

11 8765. 11 88715118921
8111111 Π 8853
811111, 8.. 424³. Π 7911
8111111 Π 5535
8111111111 11 434¹
fflw4stfflfflssfflffissfflw
8111111111, 88, 11 856

6111111113.1111111111111111113,

Π 111 ¹·3. 11 2295. Η 2905
11111111 1113. 1 1113. 11113
8111111 1 6293
8111116333
81111115 111, 15163
81111Ι111Ι17913.18713318773.

18955. 110283. ΙΙ 1155. Π165. 112775.

Π1281.116815
810111111811111, 1519
mancio. be 11, 1 6293. 1 6333
8111111, 8., Ι 6783
81111116 1 6945

³ 18265.

. 911111, 81. 81,

81ωη18
81 1111111511 1613
81181111111111 7283

81111111111121, 1 111
Π 225

181 6.,11313
44enn1 1140¹

1281. 111.

11575 181195. 11 18¹.1190¹.
Π313.112861.115621.11566

8111111118171

8111, 15.. 11 5653

8111111111 11 6895

81111111, 91. 1., 11111. 1 1835, 1 5115.
15123151111775118693, 11211.

119.11111151.116971

18511116, 8., 61191,Π

8,111111’1Ι189631

8115186116 1 511

8111811115111116901

811181111915,Ι1195

88185815

8111111111 11 1133

8111118111 8113, 1166311 6893. 117811

8111111615

785 ¹
934¹

282 1

86111111, x). 1111, 111091

8111111111, 811, 17005, 17033, 112791.
112911. Π 1275

811111, 111, 13011, 11 2093

831111 11 6883

81111111, 3111961111 1111, 11 8171

181111161 1 8973
811111 11 1225, 11 564¹

9111111011, 81, 1 3213
0811111111 1 723, 1 1165. 1 6933
‘mancini 1 1845. 1 2203. 12313. 11813

911111111118111111111 1 2301

Ἰ91111111111111 11 1093. 112813
’0811111111 1 695¹
ἰ9111111111135113.1511611123.

1293. 1111. 12715. 1291113215.
1569116391, 11 885. Π 893.
Π 8101111715

1 6751191155. 119711.
Π 1805. H 5005.116295.118783

11111111, 111 1111111111111311113

= 16981111655

9111111111, 1, 1 550¹. 1 5515315, 1 555 5.

{Imm
3464. 8., 1 1803
5111111111, 81, 11 411³

 

