Ἴ ,, ...W—

11 1111111111111111111111111111111111111111111111111111111

1111111111 1111111

.. 111

wie 111111 111 11111111111111111111111

1111111111 1771 111 13111111 1773)
fflm 18. 111111 1771 1111111 1. 11111111 1111 111 werona 1111

(1111111 11111 111111 111· 1111111111 11111111, 111 mir 111 1111111111 111
anien 1111111111, 11 1161111111 11111111 111111 111 111 11111111
1111111111 11111 1111, 111111 &ohne 1111 1111 1111111111 1111111111,

11 1111 111 11111111, 111 1111111111 111 11111111111511111111111
111 ς1111111111 1111111 1111111111 11111111 111111111111111111111
111 1111111111 111111 1111111111] eine 1111111111111 1111111111
1111111111. Die 11111111111111 1111111 111 11. &Probet 1772 11 11111
1111 11111111. ὢ111111111111111 111111 1111 1111111 111 1111111111
1111111111 (1111111111 111 1111111111 1111111, 111 Ruggiem, 11111
1111111111 111 ,11111111 1111111111] 111 11111111 111ῧ1111111
1111 tinem 111 111111111111111111111111111, 1111111111111111.
111111111729-«17991 1111111111 111111111111111111111111111111111
11 11111111111111 111111111111 11111111 111 &astrifer 1111111111
1111111111 111111. &ein 111111, ein 1111111111161111111111111111
11111111 1113111) 1111111 ben 1111111111111 in Alba (1111. 111(
w. 6) 5 111 11111 1111111111111111 1111111111 1111111111. 1111111
111111, mie 11 111111111111111111111 mars 11111Β11111111111111 1111111
1111 11111111111111 11111111, 1111111 11711111111111111111111
111111111111111111 111111, 11 1111 1111) 1111 1111 111111 111111
111111 111 1111111111 11111111, 11111 1111111116111111111111111
,1111111111 11111111. 11111 1111 1111111 111 1111111111) 1111111111
1111 11111. &lyon 111 1111111111 11111 11111 11111111111111 1111111
11· 11111111 1111111, 111 111 1111111111 1111 11111111111111111
111111 1111111111.

¹ 1111111121. 1 ’1111111111 (1111111111 111 1111.111111111118991

1131. (11111111. 1 1 111. 11111111111111111111111
<mmmm 1111111111 ,(911 1111 111 ein 1111111111, 1111111111111111111(

 

