=—-=·——*—Qssffl—“-·—=

152 5355'155555515553 33333 3333 9939139 &55235553515355

35555555 5555 3993 3993333 553 5553. 5553 5 53 5555 3333 3553 333 Lau·
damus=5555 339333 33333 35 555335‘55555. 393 93933333 333 33933 555 35
5555 3339333, 3339399393 99333333, 393 333 93333333 3333 3333339393
5553 39 399333 Οὰ93 55353555 35155555 333 933333, 333333 3333 39399
3393333333 63333339 35 5555553555 3331319333 3339399339 9339999,
93 3339933 393 5553 3555 ’253555355513 3333 3933999 333 93393 99
339 33333933 (9393333933 3333399313 3333 9339933319 333 333 333 39
33933933 999333 9333 3333 3933 3339 3333333339 39. 311331 3393 39 939
5055535555553 555 555'515555535555'5555 33333 933 33333 333 3333333339
333331339339333 Ο333 339333 9333333391. 5555 355355 39 9939933,
399 9339933 55 553355 333339 393 5555 5555 339333 93333939 39
399 933393, 5555 555555515 315 25355555555 3339393393, [9933 333
3333339 399339 399 39 9133 55555'55'55 5555 355555 3333 33333 9333339
3393. 55 3555355551'35 853535555535555155553 3333 333 33393339 999
35 33933333 &5555 3333393 3933933 33333 5555 5'55 5555 553 55'55555‘55'3555
5355 33333933. 55 5555551555555115 (93393 333 5555 3393 933333
33333333 333 9999333, 3333 39333 3555 333 9333339993 33993 39
5355 9393 im 555‘5155555555555515 3555 35555‘553355535535. 93393333
3933333 9339 933 9333 93 399333 1313319 3553 55555515355555 333 9393
93993333 9333933333 3.39333 93 393 3 33 39333 3933 93 93933 3333
333 D555dde3513 3933393993131199 9333339 3333 333 553
55 39319 9933333393 333393 3553 3333 39333 393 333193393333 5535
93933 55'5555 933933 3939339339 3 33933331.

339 33393 9333 335'5 3339393 33 555535555155555355: =.,5394
Ο XX.18) 33933993933399339333333933333339333933393333
Ο33 339339 555 3333933 55555555553 3535‘ 5555 3333333 5535 Ο9931133
333393 339 39 S13555555555553 5555 3333339333 333 9393 3933 9333393193
933333 393, 39 93333333 5555 (9333393339 3535 9193393393 33991933.
9333 3939 5535 333333 3139339933 3933 33339 933 3393393393 931111
1393 9333333993333 391939 3133339333 [35355 5555555 39933 993333
333 3333 9399333193 3333 39 33393 9339939999 9339933991. 913313
93399333 393339 339 93 33339 93 333 33333393 553'535555 333 93 333131
(3333339393 393 39 33931 333393393939393 3133333993 3339939111

333 39333333333333 333 93313 3333 9939333933999 333333 9333111

¹ 5111111113 0 191111 ² 93 933333 3333 93 333 5555553555 55555555 1111311111
55553555335535555535555553355555355555335555 ³033 3 Ε 9991399661 6619
Ο3139 393 3319333333 33339133339933 35555555555555 3555 5555555 333 33 3313111111Φ
3993 355533 5515 55355535555 ,

 

