354 67667677.666766767616771766371766616171176’ '7
2 6167177676 766 2 667677 16 66 677, im 6166776677 1771677666
16776 1666661771 (m 113, Θ, ΙΧ. 16), 666 6167766766 16
mur 11767771666677777,61677, 6667, 666671 7676 4666777, im
6661 1772 16 6666776 7777666666 (11661. 131, Q IX. 16), 661 166
6676 24. 611717) 1773 7616666776 6667677116776677616 1177266676,
2 6167167676, 2 76661767 667677, 2 667677 766 2 666667 ί6 66667
(M. 166, Q IX. 17). 1166776767 676677 666 67666 766716 671767
moenimenta 16 61667 (11616. 186, Q IX. 18) 67677 16 61717117
3717. zie 6177 77116616 671 61167671 6766767666 6167767677 677677
667671 616, 666 6176717717 1177 617 6676676171 176766 71676 111617
166677 16166776 6711167677 766776, 6766 167 6617677677 67671177
667 666 6667767767 61767 67777676. 76667676 ist 11711131 mit
171676 6177 76766167 19676776 716 6116676677 67176 167 617 17167766
16616767 677 6666777677 6667111761. 11117 6677 666 677 6676 671
6776 617167 6676 7176667 6167766766. 6173661666667166666
6667676 6177 666 67676, 1167 77176676 ist M. 13166667, 71 661
61767 677 7671 6766176, 71676 16 66667767 666 71677 16 6166661676,
1666776 1761717 6767 77676 67677676 6676 6676 666667 61676116, 677
77117 &aa 617177 1171 671 61167677, 6671166616716176766 667677. ς677
676 6716777 6117676676 667 666 7777117 6671, 666 77671666767716666
66 77676 ’1176777 6171767677, im 77671776 617 6617616177 666 6776
{m 667776 1667761676 67167 6716677676. 6171676611766711761661ιι
1167761776 6676 7167 6666 6667671661, 617 6667 77676 676 666676 66161
7711, 67167 67671776 6777 {eine 7767661177 67776 666 66667 66176111
6176776617. 666767666777 ist 677 1116661766 766 617 67716716 611
677 6777176 6177 bie 117666 676 6666767766 67667 76176 6777661717·
1176776 1666667676176 66167 676176 61761. 677 66676167 67161166
7766 677767667711617766166666761 ist 67666776 6766677, 666176
1716677766611676 66676167 677 6166766676 6667767766166111 666
676 167776 eine 6677. 67777 in 676 1771767616 11666167 767 676*
131, 166 666 186 766767 ient 66167, 67166666776167 6766676776 auf(
617 67676 ς1677176 6676716166 ist. an
116666616767 766676 77676 716767 11716777 (66666111661
617177 3717 7766667 76776767 617 617677 6661677611767161666*Νοίι
curo l'affetto 6776 6171666666 Demosoonte, 1771 617 67661166

in ς116616 6766676761 666 666) im 661 677 117176 671 Mitridate 66

¹ ὃ, 7. Q 200, 2 6766767676 671 66661 6606·

 

