ἓξὲξ-τ

11111111111111111111111 341

11111111 nun ἳ1, 1111111 in 1111 1111111111 &chen 1111111111111111
111 1111111111 111 11111111111111, 1111111111 1111 1111111111111111
111 1111111111 11111111, 111111 111 1111 11111111111111111111111111
1111 1111111111 11111111 111 111111 1111 1111111111, 111 11111111
11111111111111111 111 11111111111111 1111 111111 111111 11 11111111
11 1111111 1111 11111111 1111, 111111111111111111111 111111 1111111111,
111 1111 11111111 1111 1111111111111111 auf 1111 11111111. 11111 11111111
11111 11 11111 1111 §finenem 1111111111111111, 11111 111111 11111111
1111111111 1111 111 1111111111 111111111111111, 111111 111111) 111 mehr:
11111 111111111111111 1111111 1111111111 11111111 111 111. Q. 11111 111 11
1111111111111111111111. 11111 111 111 11111111 1111 1111111111
1111111111 111111111111 111111, 11111 1511111111 111 111 111111111111
Θ1111111111111111111 1111111111, 1111 11111 1111111111 111111 1111111
111111, 1111 11111 111111 1111111111 111, 11 111, 1111 11 an 11111,
111 11 11111111 1111 1111111111, 11111111 11111 1111111111 1111111 er:
11111 1111 111111111 11111111 1111111111 1111111111111111111111111111.

111 11111111 11111 111 11111111111111111111 1111, 111 111 1111111111
1111111111111111 an 111 11111111 1111111, 111 111 11 1111111 1111111
1111111111111111111111111, 1111111111 1111111 1111111111 1111111111
11111111 111 1111111111111111111 1111111. &thet 1111111 111111 111
3111 111 111111 111111 1111 111 1111111 1111111111 111111 1111111111
111111111111 11111 1111 11111111 11111111 (M. 114, 11 VIII. 14 nom
30. 1111111111 1771), 11111111 1111 11 11 111 11111 1111 11111111 3111,
1111111111 111 111 11111111111111111111111111 1111111 3111111111 11
1111111111 ‘nun 1111111111111 11111 111111 1111111111 111111 111
1.,(11115 76, 84 91197, 2161111111, 111111111ΗΗ311
1111111111111111111111111111111111111111154),11111111
1111111111) 11111 11111111111111 111111 1111111 111 11111111111Ε111
111111131111111111111111111111, 1111111 1111 1111111111 111111111111111
11111111111111111111111111111111111 1169 111111 111111111111.
111111 11111111 111 111 1111111 ς11111111 1111 4. 11111111 17101, cr
1111 11111 ,1111 11111111111111111111 1111111111, 1111 mit 1111111111
6111111111 1111111111, 111 11111111111111111 111 &abr 1770 111 11

1111111111 111 1111111111 111111. 11111111, 11 1111111111 1111113111,

1111111 11111 111 1111111111, 111111 11111111111111111111111111

1111111111, 1111 111111 111 111111111111111111 11111111, 111 1111) 11

11611111111111111 1111111111 111 11111111 111111, 1111 111 111
16.1.Θ,11011, 111120.

 

