· 1111191111 &bime 891
1991) 111 11111111 in 181119119111111111 1119111111 9111111 111
265111 1191 in 111 811111111111911111111101 111111 11111111. (11
1111111191111111111 111111 1111 111111 1111111111 11111111111111111 1'11 11119
1111111 1111 11111 ’181111 111 11 1111 1111111111511111111111111111
11111111, 111 ς1111111119111 1111 1111111111 11111 11111111111119111
99111, 1804 1111111111 111111 1111111111111111111119111. 18111
1808 1111814 1111 11111111111111 11 91111 11119111111111119111111
berg. 1819 1111 11 cine 1119111 8111111111 1111111111 Deutichlunbs
1111111111 111 {Italica 11, 111 in 11119 111111. Ὠ1111 1111111 11
1822 11111 11111119 91111111 111 1111111 1111111111 11111111111111111
11111 11191119 111 1838 111 111111111111 111 1111111111 1111111.
11111111 11111111 11 1111118111 11111 111 1111111 1842 11 11111111 111
1111111119 111 1111111111 111111 ’1111111 11 61191119 11115 1111111111
1111111 111111 1111181111. Der Domaffllul'ifwein 1119111111
11111111 1111 &um 1111111111111111111. 11111 2113111 1814 1111 11
in 11111111 11 11111111 111191111111. 1111111111111111111111111111
11191119191111 111 1111 111111 1111311. 1111 111111 111 11111111, 111
11111111 1111 111111111111111 1111 1111 111111111111111119181111111
1111111 1111. 1111 11111 11111111111111111111119 1111111111 &bne
91111111111111 911111111111 11111111111111 91 11111111. 11 1111111
1111 111111 1119111111 11191111111111 111 ’11111191111811111111111191
11111911 1111111111 1111111111 11111 1111 1191111811111111111911111
11111111 111111. 1111 11111111 11111 111 111111 1811911911, 91911
1111111 1111 11111111111111111111 1111 111 111 11111111 111111 11111111
1111) 1111.

111111 111 1111111111 11119111 11 111111111111111111111111 1111
9119 1111191 91111111 111111] 111111 1111 11111 1111 111 1111111111
1111111 gu. 111 111111 131111 111111111111111111111111111111111
1111111911 1111111111 1111 hurd) 111111111111111111111111 111
1111 111111 11 111111 11111111, in 11111111111111111111113 1111 111 11111
1111 111111 (1111111111 111 ,11111119 1111111111 gu 111111. (11111111

---,--...-----

¹ 11111111 1111 1811111111 1111111111) ἓ. 2171. ²] 111. 19191 III-B XIII
41111 11111119 ’ᾗ 91 811. 11. Ϊ111. 11111111 1. 111. 811. 1111111111 ’1151111 82,
14511, 61111119 1131211. 1111111111). 81 111.11111111111111111191 fiber 1111
11111111911111) (1819-1821) 191. 33111111 Χ22Ο. Q„ Men> iu 11111111
111111. 1811111111. 'Q 181) nub 1511111111) in 1111111111 (1111111111111ἔ181
1111 111 1111911 ’1111111111 111 1191 {ruber 11218 111 ’11111111111Θ1811
1111311131.

 

