1111111 111111111811111 8117

81111 1118111111111111111111111 81111] 111111 11, 1111111111 1111
111111 8111111111 gu 111111.

81111111 1111111 111 (1111181111 1783 mit 1111 1111111 11111111
11111111. 111111181111111811111

gd) 1111 111 11111111 1111 111 81111111, 111 111 in 11111 1111111
1111111111 1111111 1111811111 1111111811, 1111118 1111311111 111 1118111111

11111 11111111, 111 111 111) 181111111181111 in 111111 111) ι1111111 unt>
1181811111 1111111811] &a 111, 11111111111 111 man 8111111811
1181111111 111111181111] 11111 11111111 1111111 111111 1111111 1111 81111
sinen - 11111 11111111 11111 111 11111 8111111111, 11111 bie originessens
1118111111811111 8111 111 111111111111111,

{sm 111111 81811 1783 1111111111181111111 1111181111, 111118
1111811011 111181111111111) 81115 1111 11111111] 1784 1111
81111111 1111 81811111, 1785 1118 1111111, 1787 1111 811111119
1111111111 111111111111 111 11111111 11181111, 1111 1111111 1111
1788111111 1111 8111111111] 111 111 111 811111111111118111 1111111
11181111 111 18118111111784 111 1181111181 1180 11 be:
111811 8111111111 179511, 81111111 11111118 11 1111111111181111
1111, 1111181 11 1118 1111 1111 111811111118118111111111 11181 1111111
111111. (ἲ1111 11111111 11118111 1111181111 1118 1111111181111
11111111 1811111. 30 111181111118181111111111 8111181118 111 11111
1111111111111 1111118111 11 111111 111118 111 1111111 111 81118111
1111181111 1783 11111784, 11111 111 11181111811111111 11111 11111111
8111181118 111111 111 11111181 1111118111 11111111. Qu 8111 1118
11111118 111 1111111 111111 1111 1111 1111111111 111 1811 111111 1111
1111111111. 1111 11 8111181181 &tanmem 11181 11181 1111811111
111111) 8111 11111 818111 111 9111111111 111 81111181 111111 meg:
11111111 1111 1111111111 8111111 [1118111111 111 1118111 1111111
111111 1111111111111. Da 1119111 1111 1181111111 118111181111111
111111 1111111 111 81111111 1111111 1111 11111 11118 111111111111111111

11111239. 11111111, 111111111999. 1111181111,111111111111111Ξ1181
1 3. 23. ³ 1111111 311111 1111 8111111 3136. 11. 18111111, 1111111.
11111111 81111111 1. (111, 18118, Θ. 887. =‘· 181111, 1111181111, Ι, 111, 3 76.
1 3111111111111111 1811181111, 1. 1. 111111, 31111111111111111 1783, 3. 3111 111.
18 11 289, 1 11111. seim: 11, 1811111111. 11841 Η 161). 1 1811111, 11111111.
18111. u. 1. (111111. 11 1111111 3, 318, 1 111131811111111 131118 111 1811111111
18111111 1898, 172. 11381111111180111111 573. 11 1. 11ῗ11111111, 1111118,
113111 in 11111111 1812] 3. 223. 11 m. 1111111 ’1111 8111111111,8111811111 111118,
6. 1110, 181111118111883811181181, 11 1111, 8111181181 11111 3. 911.

,8,11111111111111111 1. 17

 

