ss

55555555 555555555555555 555555555 99

5555555 555 65555555 5555 5555555555, 555 555 55555 5555555555 55555555
555555555555555 5555555555, 5555 5555 5555555555 5555 5555 5555
555555551 5555555 55555 5555 55555 5555555. Der 35555 555555 5555555
5555 in 55555 55555 555 5555555555, 555 55555555 5555 5555 555555 555
555 555 5555555555 5555555 55555555 55555555 5555555555. (5555
5555555 555 5555555 555 &putea 555 555555555 55555555 55 55555555
,555555555555555 555 5555555555 5555 555 555 5555555555 55 (5551555,
(555555 555 5555 (55555555555555552 55555555 55 5555 55555
5555555” 555 55 55 555 5555555555 555555 55155 555 555’ 55 5555 55555
555 5555555555 5555555 555555 555555 5.555555555 5555555 55555 55555
5555 555 555555555 &eum 555 55555555 55555555 5555 (5555555555 555
5555555 555555 555 55555 55555555, 555555 5555 5555555555 5555 555 55
555555 555555 55 ξὸ6555555555 5555555 55 5555 55ἱ2 555555 5555555
55555555, 55555. .555 5555ἰν ,5. 555. (55555555 5555 555’ 55555 5555555
’5555555 55 555555 ,555555 555 5555 55555555 5555 55555555 5555555555
55555. 11 55 55555 5555555 55555555 5555’ 5 555 55555 5555555555 555
55555555 555 5555555555 55555 5555 55 555555 55555555 35555555555
55 55555 5555.

555 55555 5555555555 5555555555555 55 (55555555, 555 5555 555
555555 555 5555555555 (5555555555 55555555, 5555555 555 55555 555
5555555555 in 55555, 555 5555 555 5555555555 5555555555 555553
555 mit 5555555555 5555555555 555 555555 3555 55555555. 555 82 &eirea
555555 5555 5555555 5555 55555, 55555 55555 555 5555 555 5555555555
55555555555555 554. 1555 (55555 5555555 555555 mie 5555 555 5555
5555555 5555555555 11555555 555 (5555555555, 5555555 555 5555555
,5555555555 555 5555 5555 555 555555 5555555555 5555 555 5555
5555555555 5555555555 5555555 555 5555555 555 55555 5555555 555 55
’555555 555 55555 555555. 555 5555 5555555 555555 5555555, 555 5. 5555555
555 55555555 55555 555555 55 555 555555 5555555555 55555555ε 55555
5555555 555. 35 (555555 555555 5555555 55 5555555 555 „Daumlebn
5555555555 35555 555 Gradus ad Parnassum 5555 55 555. 555(1725)
5555’ 55 555 5555555555 5555555555 5555. 5555555 (1742) 555 555 5555
5555555 auf& 665 555 ,55555555 555 555 555 555 55555555 55555 55
5555555 ,555 55555555 555 5555555555 55555555 555 555 5555555555

· ι6555555 (5551845. 253555555 &33 555555555555555555555555555.
55555555555555555555555, Qum} 5555555, 5551555555 555555555555555
55515, 5555555 mm 5051111915 ⁴ 5555 55555 ,5555 55555 555555 555
65555 mit 55555555 5555555555. 551459. 56. 5. (5. 65.

71

 

