1054 Ἴ 9111111111 1159161191911

91111191, 39, 9315111ιί9, Ι 388, Ι 565 (9119115119, 9115111, 11 1531
911111011111111111111311 (muer. 9111111111, 91111115 ber 0043414:
311111111111111,81911699. ¹ 00⁶ss 3119199175 Ἰ
8111911011 111111 1 2 0111151111, 9., 911615111111, 157
3111111ἑ171111, 91111111 91111111, 1 111060111111111,(9111111111,1119311611,
1175711762.
9111111111, 6111, 6111111111, 11 258 (9169111591111114, Π 440
1111111, 2111. 9111111111, 11 111 1111, 1,,114311. 11 111
91115111119611111111111,61511191119111191,ἶ Gloria in 411 931111 Ι 304
11621. 116281, 0111, 611. 111111, 114194. 1 119.
9111111911, Ἑξς, Ι 16 1223. 1233, 12351, 1331. 1397.
91119111, 9111519111, Ι 123 1588, 163616401 67511. (11111
9111111, 1319111, Ι 877 511 91111111ῐί41ηηῦ Ι 6811, 5169111111
&susten 1Ιέ 9911ῐί111169611111 im 111111610118.Ι6831.(5.1111651111“,.
18. ’31111111 3221. 121111 16921. 18761895, 1940, fem
3111, &nh-301⁵.. Gradus 1691151131111Ι99. 1811199116 511 91459111 ΙΙ 541. Π 248,
116 (9111151111 Ι 146. 1Ιὸ 6111111111 411511Π 2531. Π311.11318,11347.
1111191111ῐῖ Ι 301. 1677. 11 141. 11152 11407. Π 427. Π 445. 11467111 483.
11 538. ΙΙ 549. 11 623
6116111111, (5111111111, 1211191151, Ι 203. (51151111, 11111111101111111, Ι 401. 1 411.
Ι 231. 1 611 Π 444
6111019111, 911141, 61511111 29191111, 1120651111, 3. 6.. 91911111 in 11111119,
Ι 1017 Π 628
(61111111,21,011111111111111111’1,Ι83. opere} (851111, ‘3⁴ 44. 1111, 146. 1212, 191611,
serie Ι 239. opere huffe Ι 459ῇ 3 1171. ΙΙ 252. ΙΙ 370. 11434. ΙΙ. 447.
(5111111111, (9111151, 9111916111 111 1111151 ΙΙ 457. 1Ι 562, 11 837
Silla, 1 207 (611111, 9. 3., 1 7021709
(91111, 911111.,61111111111”1, ΙΙ 447 (411111, 91. 116111), 51111111, 1835. 19151
(5111111111, 11111111,111111111111, 1196 (9111111115 1 26
(51911, 15111, 1611591111, 11893 6111101111(6111151)11), 6111111611, 1 2
(1111111111, 91. 1., 61111111ιί11, 1 117. 011161111111111111111111111, 169
1 1301 361. 1456. Ι 783 (11111, 911), 6111111οηί11, 1 541
011111, 9115111111, 1 5, Π 99 491111, 91111111, 991111, 11 408
011111, 9. ξς, 611911111111111111111, 1 9281 (5111111, 13111. (9111116, 1340
(5111111111,11111993116111915121 1611111111, 11111 1111111116, 1 340, 1 836.
(9111111191,Θί11119111, 3111111119, 111101 Π 148
11447. 11448. 11477. 1148905391. (81111111, 1311111, 1 10135. 11 83
11 541. 11 5441 (9111111, 91. 4. 911, ,91111111111111 111111.
(4111111, Ξ15. 141). 5111, Dichter. 1762.1 09111151111111, 16616. 1709112410.
Ι 818. 1 872. Π 73, 11 759 Π 358. 11 521
(9111111 1 9, 1Ι 170 (9110111911 Π 837 =
61111ιί111αηί 1 191 (91111111, 911151. 9111116151, 91111115 her
(61ωωί1911, 9111 91119111 1111, (95111111 9311111169 &nmilia 1 501. Ι 1381.
9911911119, Ι549.Ι 614. Ι 749. 1173. 1627. Ι 636
11 89 (9111111111911151111111 11111 9111118 4464:
(9111111 (1114111111), 616111ρί1111, Π122Ἰ 044b 11111 2311111111ηῆ 1 234
(91119 111, 1161119 1111 61911111, 9911114 1 04101715461141121. Rssufmssssfl 111 8111111111,
11115157 ’
11151, 5513„ &finga'n 703, 11844 (9111151111ιὶ, 991111111111111 in 91119,
61111 915, 9111151911, (9111111191111911,, 1 1023· Π 422. ΙΙ 625
11 703 (911έηί11, 9311ῐί11111 11115 6111191119,15121

 

