ψ

842 1177717717 7777 zob

——-———..—-..-.-—--
7717777777717777717777. mura 7171117 7717777177 7771771717 1107117117(
ibn mit 71177 1111777717 gu 7777719773 fic nnbm 1777 171711771ίᾶ) 117111

bit ς1177717777 777 7777777777 meg 777 manbre 1171) 77 777 71777 Dr.
71711777 um 7177.

7717117777 77117777 fid) 71177777 3711777) 17 777 7717177 7777777777·
177777771 777 15. 7177777777 7711777777 7777 7777 171711 7171917777 sonate,
77 11717177 1771) 17177 17 7717717) 777 et 171717 7777 (77777177 77 [eine
’2779177779 717 7177777197 17777117771117177 7797177777) 777 7777
1777 97177777 fei. 7177) 777 7177777777 1177 et 1771) 7777 1777117797 77ς
7177797777 7777 17177777 77777 7771777,

7111717 777 7771177779 7777 777 777 777977 777777. &yon 7777
77771977 77977 1717777 717 771777 ῧ717777779 mit 777 7779177797
97777177 7717777, 17177777177777117177 777177 7777777177, spanbe 777
7777 1777771177 77) 777 7177 fast 7711197777777911717177777717, 771
bie 1777777179117177 &bremen 171977. 717717 771771) θ71777772 71771777
fam 7717717777771791 in 717 ,1111777777 6717177977) 7177777 mus:
1717777 777 1777717177 7577177777 1179777) 7777 bestente Ξ717777177777
7777777 71177977, um 52013 1177 777 7777777 7797177177. 777 77777777
779 7717177 717177 7777 777 217797, in 777 777777 171 7777777717 17771
9777777777) 777 sie 777 271777 17777 bolen 77171177. zeina 1777 71179777

1777777777 11797777 et 77977777 ibn 7717 777 17777 1717777777 77777777

71777177777777 7171777779 777 71771 7177 777 auf 777 7771771777 5779717, 77777717
71177777 77 (77777777777777779 97777777 [ei. 77771) 7771777177 (7177771797, 71771977,
7717779 1874) but 67117τί 1717117771 1717777 6777777777 777 (77717737 717 7777717
7797177777, 7177717 tritt 7177177777, 77771. 71119. 77771. 579, 1824, (ἧ172, 7777797171)
7177 &alieri 777, 77771) 7777717777ηέ ι77777717717777177777 77777177 7577177177
bem 71177777 71777779 18247 9711767117τί geht 77 micha 17177 1717177177. 77111977)
7777717777. (ir 7777777777 17771, 777 77 77 7777 777 mmm &halb 177) 777 ibn
mit (7717 77797777 17777. Qus 117 7177171777, 7777 77 77111 71777 717 171777 1771717777
- &a ist 77 777177 7777777) 777 71777 §einen 77177 77177177 7391, ,77111777111177
ff). 2, ffi. 119. 7177171171) baben 1717177 7177777777 eines &tetbeuben 9797717777 777
1777711977 7777τί77777 {eine 7777771777. &unctis 777777, 777 ,7777177177
(ἕώ77777777779 1777777177797771777 17977 77 7777 15777771)7,71779777 1717777
777777 777 ‘granam 9777 27777 97171177 Pazzi! non ha fatto niente per medtnr
nn tal onore (111113 >m 121), &meta 7117777777 6177777777 (3. 31.) 2 7777777
(7177 777 7117717777 IV 751.) 7771177 7777Ιί71) 7711777, 71177777 171 777771) 777 7777777777-
77777 7777911777 77777771 &nieman 111 bic 73779177777971797777 7771) 777 (1171177
71777177 gum (7777711777 71777 7177711717 7777797771777117 97777717 7777777 (W

Jlfflulfigegw, 7177777177 177 71177777777 Ι) 1717919 1825), ¹& 7. Ε. 78.

 

