===2w==2

1074 9111111111 11111 &magistet

1121111, 8111111111, <munet 111 111111118111111111, Jacob 211111119111111141111·
111111111117811 ¹: 131.110l¹
2011111111, gt. ³113.. 1111111111 11111 »Les ¹ 98111111, 1111111, 9111111ἰῇ in 9111111111,
1411101115111815111111815111111111, 1141 Ι 572. I 575. Ι 981
mise. 9111171. 91111, 91111111, 191111. 1181111111, marmana 111 1111111111
ΙΙ 257 91111 in 981111, Ι 888
0111111111, maguae. 91111111 11111 1111111111 29111100, 1911111111. 9911111111, 9111111111,
ω16ω1 Im
Qenhling. 'lluguste 9111111. 1111. (91111111, amaea. 11111, Π 893
8901111111111191111111112811911111 9611111111, 1111311111, 9111111, 1 531
rin. 1 559. Ι 570. 1769 2911111111),9111111111111,11 767
2911111111,91111111111811111111, (0111111 1
111111 [1. 8., 1558. 1570, 1768. 11688 . 3111), fs.. 311111111ιί0, 11 407
1611111111, 391, 11111111 in 9911111111, 31111111, 2111111111 be. Π 444
1451 665.1569.1702.11 688 8111111,ἷ”1·11111.,911111”1,1609
16111111, >Baton 1111, 1 101311 1 1029. 81111911191111111111, 9111111111 (91111111,
1111111111 1 13581136414811531
1131111111, 1511111. 911111, Dichter. 1549. ¹ 81111111, ²23.. 1111111119, 11 407
1550. 1555. 1818. 111111 111 1111111111 511111, 11. 9., Π 252. H 255
&ngipiel 1 9151, 11911 71. 11756 711111111111111,,911111919111111119111111
16111110, ι311). 1111, 11111111, Ι 1011 1662
:munet 8111111111 Ι 145 γ’. 1332 „genuf 2111171111, 9111111111, 1219
2911111101111111111119111111, 91918111111119111111, 961111191111111, 1891
1875. 1 928 f. 311111111111,.91111111111111111 7111111111,1178
wimer 9191111111, 9111, 1 872 f. 5111111111, 19111 11111, 11368. Π 3691.
9811111111, 91111111 111111111111911111111,1 11639
nm *mmssQfflffi

911111111111111.

1ω1ωωωωωηω1ωωψωωωωωψ1
1148111923.121611220112231. 12301. 14051 ,
12281.12301123411235812403· 2111011, 3111.. 13641. 111071. Π 2681.
12421.1246112491127613.14201. 113771. Π 8501. 9892111889
14231. 1 4301114501. 146611. 16761. 111111, 91, 11 5781
l 6871. 19281. 193411. 19501. 19641. 2111111, 911, Π 4461
11291.Π1171.111861.11 3174114071. 8111111111, 91. 1 4001. 1406114081·
115031. Π8868 I 4091

ωψπαωι fflwmmmw⁴

1111111111, 6., [1486¹ 1111111 1 10265

210111, 191 Ι m. 1 391. 11941. 112301. &treuga Ι 1231. Ι 2271. Ι 4044147111
118191

11111111 688⁵ 11111, 11111. 11 1532. 11 154²·¹

2111111111,19.,12841 9181111111111 1 54⁴. 1 697111

’1111111111111,3.9,1 1 294¹. 13211 1911111111 11 731

11111111111. 21. 911. 11 4061, Π 4961. 11 7191 1 Quini 1 1892

 

