1121 Qus 11111111 6111111111

1111 &efen 11111111Ι 11 11 111 1111111111111 (1111111111 1111111111 &in
1111111 (1111111 [11111111 111111 1111 111) 111 1111111111 11 1111111
1111111111 &chon 111111Ε1111111111111111111 111 1111111 (11111
1--11111 1111111) 11111111 1111111111111111111111111111) 1111 1111)

1111 111611111111111 111 11111111111111111111 111111111111111111111
[1111111-1111111111111111111111111111111111111111111
1111111111111111111111111111111111111111111111111111111111111
1111111111 1111111111111111111111111111111111911111)11111111111111
11111111, 111 11111 111 11111 111 11111 111111 1111111111111111111
11111111 1111111111 1111111 111111111111111111111111111111111111
11111 1111111111111 1111111111 1111111 111111 1111111111 1111111111 311:
11111111111111111111111111111 1111111111111111111111 111 miccina
1111111 11111. 111 11111111111111 11111 111111 11111 11111111 1111111111
11111 11111111 1111111111 1111111111 111111. 111111 111111 1111111111
in 1111111 1111111 111 1111111111 1111111111 11111111111111 11111
111 m 1111111 Cing3pt'elen 111 11111111111111111111111,1111111111
1111111111 11111111 1111111. 11111 111 1111111111111111 111111 11111
11 111 1111111111 1111 111 1111111111 111111111111ΗΙ1 111 111 1111
111111111111111111111111111111111ἰ111Ι141111111111111111. Da:
gegen [11111 11 111 1111111111 111 [11111111 1111111111111111111) 11
1111 1111111 11111) 11111 111ὓ111111111111111111111 111111 &stuf
111 11111111111111111111111111111 111111111111111 1111111111111
111 1111111111111111111111111111 11]]11111118111111111111111111 11
11111 11111111 θ1111 1111111 111 11111111 1111111111 (1111111111
1111111 111111 11111 1111111 1111111111 1111111111 ,111111111111111

1111111111] 111111 1111111111 1111111111 1111 1111111 111111
111111 13111111 311 11111 1111111111111 11111111111111111111 1111 111
11111 nur 303632„ 1111 111. 111111 111 1111111111) 111 1111111111) mo:
11111 111 1111111111 111 11111111, 11191111111111 111 1111111, 111

11>11 111111 1111111 iu 1111111 1911111111) 1113111111111) nuo) 111ιέ111

11111111 1111111111 1111, ’vat 031113313115 11 1111111111 ,Θ11111111111
1777111113111111111, (11111. 111 111111 11111111 111111 Ι 2711,

 

