“ 10101061101101. 1110001οη0011 293

60 001 01 tang 01010010010101100] 110 aba 100 [anst 10 100
opera bufsa 110 0110011 0010110000 11111οτ1101οη 1100110100 0000011101
Ι000101010οε0 001100, 010 10 gangen 1010 ganniat 0010011100, 100
1001101010 0011110100 1100000010 1101010111 100 10110010 bena
1101101 00110010, 110100 101000 1101110100 110100 011 110 aba nam
6100110011101001111001110110100000 001 1001101100, 110 101 annana
11001101 10 101 (1010110110 101 anana 111100. Dat 1101101101 101 ersten
1110101000, 10 101 01 g. 11. 1191) 10 wanlin 0010011101 murae! 111
001010001001110100111791 101010 1101000 10 hamburg (110 1101101),
1192 (11101010 10 11100 001 1194 11010101] 101100 11101 (10111
111 001 10010 1010 nnana 001 anian 11111000 100111. 11001 §nal
1110101101 10 101 (1010010010010 gnar 110 101111οη1110ῇο 001,
(101000011011010100 0010000111] abet 101101 0000 1100001101 001
1010010111 101 natan 10100 gange 1111011 ganan. 11111001 1010010
0000101601 001 1101000 0011101001 gum 001110011001100100
0001100, gagen 101100 (1011010000 fin) 010101101ίῇ0 0011011011011100
maban 11011001 aaa& 11010 (1100011111 0010101 1101101 einana 101001
0011100 1111011101οε1100000011010100010111111 00100. 01101 01 gaina)
0101111011111, bahan 11010 101100 3011 mit 110 1001110000οί ans
gestamen 11010010 10011101 ganug 01010100. 11 gabbaa 00101000
f
0001101011ἰο 0101 000 1101000910010111 101) 001 00100010100000110001011000

001 010 gang 1010010001 50100110. 10101 musa 101 101 {alent 101 ,100010οί101
001 1101111011 001 110011 100610901100011000, 01 naun 110 ganga Dper 0οῙ 11000
,11100001111100 1101 negantia 11110000 gang 0010010101οῆοη, 0110110101 aa·
100010000101011010001000101 10110 00000100 gan 1011110010, 101 11110910,
101 11010010, 1011100111οῙ 101 1110001010 101Ξο0011010 1011101100010010 001
101 1001111010, mit 1001011100101011 11000οτ 101)Ιί011, 001 101 man 110 Chiusa
0100 300110 00001 -Ι 101) 0011 01111, 01 10110011 0011 fid) 10010 110 gange 110011
101 &tamna 1010000001οῄ1, 0101 1011011, 0011 01 0010010110 10119100 101 01000
1100100, 100 01 gn 11001100 101, 01010 010, 1001000 0001001110 10110100010111.
30 01000 &inula 0011100 aad> 011000 1100010110οᾱ) 0110 &angat 001 101 111000
0011101000, 00101100 01 aud> 1101100101, 00101000101 gu gnei, 1001, 1001110110,
101101011τί0, Ductus ἵο110110,60110110, 6011001000 00110900( 001 101110 01 101
&ang 101 61110101 01010 01100100, 10 mun 1011101001000001) 1111001001 11000
1111010 01 gn amagiinang 0000 011010 0001, gagen 0109010010110000011001
0110 mannaan 100 Μ 1110101 0001000, 101 01 1011010011 11111 5⁰ 1111111111(ι
f& Μ Mra! naa 1110110οτ 11101100οἰ10 010 0100110110101110000 mit 11οι
Μ 001 00111101 ga 0011111100 101, 101 10 110010 101111 im 110010 101 gratian
1000001 auat. ’ ¹ 10000, 00100000000010. *aa
‘lm ,6111181110 ὃ, 111. 1110000 16101100 Π 11.

 

