M

9111111 111 9111111 1791

99191111 111191 batte. 9111111111111119111911111111 1111111111
9111 11111111 91111111.

1111111191111111111 111111 11111191 3111 1111 111 9111111111111
,9111119191111111 11 einer 111111, 111 1111911 111 11111911
113, 1111111 im 9191111111 17902 (11191. 594, Q XXIV. 271, 111
111 1111121111 1111119191111), bic 1111111111 11 ‘gmon 1111
3. 911119 1791 (1111618, Q X. 19) 111 111 911111111111
(9191616, QX. 20) 1111 191111 1791, Dicit& 1111191111 111,
1111 111111111111111111 aud) 111 1111911, im 11111119 111 (111111
Deum (9111111111 91111111) 1111 11191111111119119111111110111
1111 111119 9111 Qtotf 11111111 9111111113. 91111111 1111111111
1191191111111111111 1119119111 1111111 91 tun.

1111 1111119 111 111 11111 11111191111111111111 1119119111.
9111 1111 111111 11111111 91119111, 191111191111119111111111, itin 1115111
91111111119111 11 11111 am 5. 311. 1791 (11191595, Q XVI.
27) 111 9111111111 111128. th. 1117911. 1791 ,1111)1111ῧ111111
111 9111111111 111 11111111191111119111111111 1119111111
(11193, 622, Q XII. 20). 9111111 91111 11111111 111911911 gest:
111111 1111111 eine 1111191 9111191111 1111 111 91111119111111111 111 111111
11 &orm 111 9111911 1111 (1.1111)1.

91111111 111 11111111ιυὶ11 111 1111) 11111 1119111111119111111,
1111111 111111111111111111 1119. 15. 9111111 1191111 (m. 236,
Q XXII. 15)1, 111 9111191111111111191. 355, Q XXII. 69111
111 11111 1111111111 111191111111111 1111 ,11119111 ist 111
1111111111 91191 (11191613, Q XXI. 15) 11111111 111, 1111111 bic
(111119111111, aud> 1191111111 111 111 1111119111111111199111
111111, 11111 1111111111 9111111 111. Dm 1111119 1111111 11111911
——..-.-.-—-——

¹ 311 11111111 111 1111119 1111111 mun ibte 11191 11111111 ‘mania 1111111111,
911119111111111111, Q 25, 11111111. 819. 1793, Q 150, ’119913 11254.
16115188. ³ 1111113191791, 911. 66, 1111). 11111911 91111111 11, 11 111
Iti 1111 91 111111 ,111 1111111191, bem 911111 911111111111111 §lauhun 1111111111
9111111111. 911111 1111111111 tint 11111111111111111111111 111111911111111111
1111111111 111111 911111119111911, 111 11111911111,111 11111111 fle 9111111 111111,
1111 9111111911 1111. ⁴ 911111ιί111 111 11111111111111191111111 1111911119,
11019. 11 1033. ⁶ 11111) 1111111101 11911111111111111111191 mit
111 flumme 111 mom 1119111111. 1191. 1111 1 111, ¹ 11111
1111111111111131111179911. 8111 (11111111 1111111111 1111111111
1111191111) 111 31111 17119 111111, 1111111 11191111111111 QtiI 191911111111 111

{etun 9111111 1191),

 

