,1111111111 ’

“·-.1Ξ,Ξ1Ξ1Ξ1Ξ1Ξ1Ξ11Ξ1ἐ1ἕ1ἕ151ξ 5151-

1111 111111111 gIardiniera
(911111 1773 bis 31111111· 1775)

111 111 3111 111 111 1111111111 1111111111 111 1111 11111111 1111

1111111111113 111111 11 11111111111111111111111 1111
1111. {Bit 1111111 1111, 111 1111111111111111 1773 1111111111
(m. 181 s Θ. VIII. 23) 111 ein 1111111111 1111 11111 11111111
(m 190( Θ. XII. 9) 111 {m 11111 1111 1111111 (m 1671 Q I, 5)
1111111111 111. 11111111 ist 11 1111111111111111111111111131111
&erim 111 11111 1111111111 1119111111111111 1111111111 111111
1111 1111111111 1111 111111 1111 111111111111111111, 111 1111111111
11111111111111111111111)1111111111 1111111. 111111111111111111
111111 1111 1111 11113111111111 111111 11111111111111111111111111111
1111111111 1111111111, 1111111111 11111111111111111111111111111111.

1111 1111111111 111 111111111111111 111111 1111111111 1511111111
1111 1111111 11111111) 11111111 11 1111111 1111111111111111111111
111111111111111111 111 1111 111111111111111111111111111111111111111
1111111111 11111111 11111. 1111111111 11111 1111176911111111
11111111 1111 1111111111111111111111 1111111111. 1761), 1111 111111
(111111) 1111 11111 11111 1111111111111111 111 Ascanio 11 Alba 1111
I. 11111111 11 1111 1111111111, 11 111 1111111111 11111161111111
111111 111111) 11111 je 11111111111111 11111111111111111111. Duff)
11111111 1111 1111 1772111111111111111111111 1111111111 1111
150 (1111111 11111111. 11 11111 111 1111 111111177111111111
1111111111 111111 61111111) 11 (111111 1111111111) „absolument
1111 glauben monte„ 111 11 1111111111 1211. 31111. 1111111 11111

1111111 111111 111111.

11ῗ.1.1·”>.126. 2Q111122. 36111207. *1111111111
1111 2111111772 bri 1111111111 in 111 wamia 1111111111111111115111111α
1111111111 1876) 150.

 

