ψ

294 1115575555 5, ,75755555555155515 5 b. 3515 b. 1551. 7151755
-Q
7555555 55515 55511155 11551715 15151555 555551511557551555551151
Cr 5151751551 5151555551 55551515551555555 55155155 et 515 7555555 m
Conmmanistem 715515 711555. 11555555 ur 71551111555155 (7555555 555
5551155555 7551155 755 5555 176251555151555155551511 555555
55555 5 5 bie 5151 711 755 555 7551757155 7515555555 5551155 515155
51555 1155555555 555 755555. (1555555115, ber 515 55151555 7155555 555
551 5115 55515 515 71155755 555 55555555 7155551555 5555155.
715515 bic 757155555511555115 151515 71515 551155715551515555555515
bie 555175555555555 5555115555 555175555517155 555 bie 511111 511552
5575555555551551555555575555555577575511551555151555555515
5557552 ie 7551557551 5518515555555555 555 755155 551 Cer 5155151155.
77515515 571 bct 71515755 1. 77555555 15155 bie 7155511555 5115551575515115515
Cic ,5515555511 5551155155 1555 1515555 [55155 C1'115un5 155 1115155 11555555
DCC 5555 heim Cl50r 4 Ceitehnr5eh1 5555 55555155 71555 eme 115155 7155
55551, 5515151571555555551555 Die 555159555155555555555555155
7115511 555 5555 7511551555 5515555155, hei 555 7115711 15115 71 obet 5151555155
4 (75115555551515755515 5575515155 5515511515 hic 51515755 am 711555 5515555 755515
55 bie Cnlo51‘m5er 5515 751555 7155, (7555551755 551 755115155175115555551
1151 bie 7151151555 11515.5 unb 5115 155 1551755 55155555 6555555515 7157 bic
2 715155 7555555555 5551555155. 7155555557155555551 5517315155 15515155,
menn 51 5151115 5515555 mit. 7159155555135557115551551515555 1517115115

15555 abet 51555515 in 155 7155115515 551555, 71115 51555555551555155755
55515 in 1555 5115155 bei 1555 71151155 mit,

Cr5tcr Don1or5um'5t 555 7515 1751 715555 75155555 7111555755
(1728-177755 bet C5f1111 (55515551155155515557515) 7155511555 nub
555 7551175557 55 15155 55155155 7551115555 55515 51152115551'1515
ein 5151551555 7555175515 555 7115555551775 155551115555551555515
555515 cr 5551515 1751515555 51155251‘1 1555 mutben⁴ 71551555 15555555 555
bct 5me1'te Dmnvrgmu'st 551115‘15 55555 715555 55 7555555555
7115555555 17745 5555 551 715555 755155 5565555179)
5557515555 55551555 75555555551515551.

1711555155 1557551555 15555555555515, mie 155 7555155 5151771555 555 ber
7555155151 [105 7111. 77511555, 5555555 55555 55515 355115555151515155555551515555ῐέ
Coln5fi11511 5555755715, 171555 7115115555, 555 aud) 515 5555555171551555515117111117
55555 551. 7. 7115555 151 7115555555, C. 1905.5 Cd>11bnrr5 {1115555511517755405
1155515557155555555155156 42 55111111111=C53 23 C 7115515555 7155151551
1555715555 ⁴1211111511112111115 5551515555115179551261 171511. 1951
Cme 5155155155 7155115555555155557115551557555 7155551715 7571711591·

17111511555171515155151155711171154115555555555515631 111111
111111111555515551555117115555Ε1871 -

 

