ὼ

11111111 xvss

11111111 11111111111111111 111111, 3333 333 1111111111 111111 11 1111

11111111 1111 1111111111. 3333 333 111 111111 1111111111 11111, 3333
111 111111111 3333333333333¹ 3333 111111 1111111111 1111 3333 333 333
33333333 1111111111 111 111111111111 3333333333333. 111 1111111
11111111 1111 1111111 3333 111111111111111111111111, 1111111111
333333333 111111, 1111 1111111111111 1111111, 1111111111111 3333 33333
333333333 3333333333 111 3333 33333333333 3333333333333333. 3133 3333 13333
333 11111111111 11111111111111 333333333333 333 333 333 3333
3333333 333 33333333333 111 111111 1111111111, 111 111 1111 1111111 111 111
11 11111 1111 111 1111111111111111111 111 C33333333 1111 111111 11111
111 333333333333333 11111111 111111 3333 333 1111 1111111111, 11111
111 11111111111111,11111 1111111111 11, 333 33 333333 33333 333 333
3333333333 1111111111. 111111111111111111111111111 33333333333332
33333333‘ 11111111 1111111111 111 1111111111 111111111111111111111
111 11111111 111 1111111111 111111 33 11111111111111111, 333:
11111111 3333333333333333 333333 1111111111. 111 33333333333333
333333333333 333 111111 1111111111111111111111111 11111111111, 1111 1. 3.
1111 111Θ111111111111 1111111111 1111. 111 1111111111111111111111
’1111111111 111 3333333333333.
¹ 111111111111111111111111111 333 :33333 1111111111 S. 1.,
111 1111111111111111111111111111111111111111111111
3333 111 111 33333333333 11111111, 1111111111, 333333333 1919
1111111111 11111111111111111111111111111111 1111111111
11111111111111111111111,11111111111111111111111 1111111111
3333333333 11111’111111,11111111111 11111111111111111111111111111111
1111111111111111,1111111111111111111111111111111111 3333
3333 333 33 11111111,111111111111 11111111111111111, 1111111 111
11111111111111111111111111 1111 3333333333333 333 333 1111111111
3333 111111 333 111 1111111111111(1111111111111111111 1111111
33333333333333333 1111111111111191111111111 33333 11111111 33 33
ς11111111111111 111 111111 1111111 1111111111, 111 111111111111111111
111111111111111111111111111111111111111111 1111111111,111ι11
3333 111111 111 11111111 331333333 311 1111111111 111 111 111111
1111111 11111111 1111111111111 1111111111 111 1111 11111 1111111111
3331 333 11111111 33333333b 11111

333 33333333 3333 11111111111,1111 111111111111111 11 33:
1111111111 3333 333 3333 1111119111 333 111111, 333 1111111111 3333

333 3333333 333 33333333333 33333333 111 11111 111 111 3333333333333333
1111111, 11111111. 1, b

 

