8111111111111111
st*

1111111111 11111111 1111111111111 8111111111111111 1118111111111
11111111. 11 1111111. 11111 111 11111 1111111111 1111111 1111

lange, 1111111111 111111111111111 1111 111 111811111111, 111
1111111111 1111 11111 111111111111785 111 281111. 1786 111
11111111111111 1111111111111111111111111111111, 111 11 111 1111111
111811111111111 11 111111 1111111 1111 1111 1111 111 111 11111111
1111111111. 1111111 11 111111 11111111111111161111111 11111 11 111
11111111-111111 1111 11111111. 1111 111111111111111111 1111111
et 1787 11181111111111111 11 111111 1111111111 8111111111, 111 11
1111 1111111111 1511111111111111111111 1111 1111111111111118111111111
111 11111 11111111. 111 111111 111111111 1111 1111111111 111
1111111111 1111111111 111111. 17881111 11111 1151111111 1181111111
1111 1111111111 111 1111111 1788 111 11 mit 111111 111111 111111
111111111 111 anien. bort 11111 111111111111 111 11111 1111111
111111111111111111111111 mit 1111 811111111111111111111 1111
1786 11111111 11111, 1111 1111111 1788 111178111111111118111111
1111111111111111111111111111 111 1111811111 111111111111. grimet
1111111 111 11111111 1111 1111 1111111111 111111811111111111111
1789. 11111111 111 11111111 111111111111111 1111111111 111 mit
1111111111 111 111111 111 1. 111111 1789111111111111 111 ,11111111
111111111 81111111 111 11111111 111 111 1811111” 111 111111 111
11111111111111181111111111 111 111111 1111111111 111 1111111111
11111. 11111 1111111111811111111111111111 111111 11 111111111111
1111111111 gum 1811111, 111 11111 11111111111111111111 111 11111111
8181111111 111111 11111111 1111111111 111111. 11 1111111111
111111111111111111111111111 1111111111 1111111111 1811111 1111111111
11111 1111111111 111111 111 1111111111111111111111111111 1111
11111 11 111 1111 1111 11111111. 1111111111 111111 111111 11111, 1111
111111111111111111111 11 1111 111 1111 11 111111 1111111 1111111111
1111111111 1111111 111111 11111111111181111111111111 1111111111
11111111. 6111111111 1111, 111 11 11111 1111111111111111111
11111111] 1111 11 111 111111111111111111111111, 1111111111111111
111 111 1111111111 11111111 111 111111118111 1111111 111111 111
1111111 1111111111 1111111 11111 111 111 1111111111111111 111,
1111111111111111 1111111111. &a 1111 111111 111111111111111111

¹ &a 111 et 11111 1111111 1111 111 11111 111 (111111111111111111 111 11τεί11

11161111ἓ11 8111111111 mit 1111 111111 111 1111111111 81111111. 1111111
1111 ,1.

1111111, wagan. 11. 11)

 

