ss

’llutorentcgistet 1077

gum.. 1.,115111 {876er 1 1111. 1 1842. 1 1842. 1 1111.
&strumam 9361 3641 ’ 1 6611

8111111966 3611111111 1 19811, 11541. n 5111.

Π 5811. II 86⁴. Η 921. ΙΙ 93²
051 Π 229¹. ΙΙ 2331 &rim 8. 921.. Ι 531. Ι 140³. Ι 2812.
616111 1 6951. Ι 6981 11311. 1644116611. 1668116641.
6111111, 1. 91.. 1 9191 1195111. 119911114118851. 11 811
611199ῐῇ I 1831 &tune ΙΙ 49³
6111611 Π 5535 4311611111ῐί8. 11. he. 1 2191. Π 84¹·³
61111 Ι 1192 Ι (9111111 Η 4131. Η 4291. ΙΙ 4481. 114591.
111111195111111 ζ 111111. 111111, 111111. 111111
(619711 Ι 93511 Π 5421. ΙΙ 5482. Π 5531. Π 565.
6151661221114801 . Π644.Π 8782
(311141. 87. 11711· l 32· Ι 64³. Π 104 ¹· <51ymmess16instein110172.11532.11632.

Π 1671. Π 1131. 111301. 1126811 11 1712. Π 3691. Π 407³

112791. ΙΙ 4611. Π 7331. Π 79111.

11 8842 35278. 87.. 1 11111 115111 1111
61111111. 11 11. 116131 ¹ 1 8151111. 1 8111 1 8782. 18811.
6111111931. 11151. 111111111111 11111, 111511. 1111111111111.

17041 19311. 111601. 616211. 111631
(61.1, 1. 1.. 1151. 1 1141. 1111115111. 11.. 11 8511

155111. 1 1151. 11 11 2. 11 851...611111ῑ. 1.,1191

11872. 11 1191, 11 1111 1111111. 11.. 11 2791
(9118611111, (Z, 1 xxx. Π 8392. ΙΙ 5661616666, 6., 132. Ι 415. Ι 26³. Ι 311.
611111111111111111 1 1 1012. 1 1022. 1 11111. 11511.
0611181 1 8891 1 9931. 1 99411. 1 4811. 1188 2.
01111191 Ι 6611 1 489¹. 11 411. 118861. Π 8921
6111111118 16961·1 6111511, 87.. 1 378¹. 118561. Π 865¹.
(8316119 Π 961 ΙΙ 8781. Π 879 ¹. 11 8802. H 881 ¹.
(5185 Ι 7621 1188213. Π 8831
(861111. 289911. 1 1711. Ι 1891. Ι 4042. 57118788 6.. 1111. 1832. Ι 782118171.

15491. 19161. 19731. 111641*115 19763, 110161. 116115. 110191,
0316666111111111 1461. 117631. 11896 Π 107 5. 112841. 11 290 2. 112911
681116611111141 1 111191111561
&thr-2388. &ein Ι 741. Ι 791 6111116116). 27.. Ι 897 ¹³
(5818288811788) II 7641 6611111 8862
6316631611 Ι 231. 14041. 15511. 53161115491.15671.16791

I 7691. 1 9762. Ι 16691. Π 66 1. 611111.6..114381.114411

114471. ΙΙ 730³. Π 7641. 118351. 520777. 1³.. Π 4431

ΙΙ 886 ¹· 2. 11 8861 6611111111. 8.. 11 4641. 11 666
(119191419τί6, 4).. 1111111. 11231. 12181. 6111111, 8., 11638111 6428

1226112341. 12361. 14061. 1 4661. 611111. 211.. 1 2311. 1 264 ³. 1 6681

14201, 1631 ¹. 1632116341. 16371. ,6111111 1 1372 11

Π 881. 11 4061 61111111 6921. Π 8892. Π 8901
696911114041’1.16441.Π 4441164461 511911 1 6491. I 835¹
6111111111, 8.. 11 1071 6111111111, 77. 11111, 18831
9111111 1551 1111. 11.. 1 181. 1 151. 1 872. 12161.
61116111, 2166611741 , 1 33611. 1 3371. 1 3391. I 6121.
(81161619 Ι 910¹ 16641. 1 6691. 16221. 16811. 16831.
0911116611.. 1146411. 11 4801. 114971 1740118271. 19021. 19061. 19291.
&ramur 11 4331. 11 565 11 5¹. 11 6621

6911111, 2111111. Π.

 

