1111111111111111111111

bei 1111111 1111111111 1111 in ῧ111131111111111111111111111111. 13111
11111 1111111 um 11111111111111111111111 111111111111,1111111111111111111
24. 1111111111] „um 1111111111111111111 11111111 111 11111111.

111111 11111111 (1111111111, 1111 11. 1111111111, maren 111111 1111111
,11111 111111 111 111111111111 1111111111111111111] bie 1111111111
1111111111] bie 1111111111 111111 111 1111111111 11111, 111 111
1111111111 11111111111111111, in 11111 1111111111. 11111 1111111111
lauret 11111111111111111 11111111111111131 „Det 1111111 non 11111111
11111111 ist 1111 (1111111111 11111, mie 11111 bie 1111111111 1111111111
111111, θ11111111 1111 ist 111 1811111111Θ111111111111111111111
111111 1111 11111111111111 1111111111111111111111111 111 methea! 111
11111 1111111111 1111111111111111111 von 61111111 bct„ 111 111
11111111 11111111111111 111 1111111111 &rubeta 1111111111, 1111111111
1111111111111 1111111111 1111 11111 1111. ῗςη bem 1111111111 1111111
111111 111

(11111111 1111 111111 1111111111ῃὸ um 3 11111 111 1111111111 1111111111
11 11111 1111111. 11111 id) [1111111111 111111 11111111) 111111111511111111111111
91111 11111 111111 1111 1111111 11111111 1111111 11111111 11111 111111 mim: 111
id) 1111111 1111111 111 rhun 1111111. - 111, 1111111. 11111111] gar 1111111, 1111
menn 111111, 11 1111111 11 mir 111111111111111111111111 111111111111111111
1111111111111, - 1111111 id> 11111 {einen 1111111111 1111111, - Qum 11111
11 111111 111 11 91111111 1111111116 1111111111111111111111111,11111111111111111
1111111111 au geben. 21111 11111111 1111 111111 11111111 1111111 1111 hie 111111
11111111191111111, 11111 um 611111 111111111111111111111 11111111, 1111111111
1111 1111111111 foramen. 1111111111 111111111111111111111111111.

1111111111 11111111 11 1111111111 1111111, 11111111 11111111111111
111 1111111 11111111111 1111111111 11111.

11111111 (11111 rin 11111 11111, gibt 11 111113111111, &o 11111 aud)
1111111111 11111111 1111111111. 1111 er 111111 nicht 111111 1111, mar 11 niel
1111111111· 1111 11111111 unt> 1111 11111111, uber 111111111111 1111111111. &e
11111111 ibn 1111 1111111 Die Dummbeit 11111 ihm 111111 1111111 bemus,
11 11111 1111 11111111 in 1111 11111111 1111 1111111111 1111111111, 11 1111111111

¹ 11111111. 511. 1181 ’111 95111111 11111111 1111111 1111111111 1111 131 1ἔ1111111111,
21, 1111111111] 311111111ιί1 1111 9, 1»1111111111 gegeben (111. 99); 1111 3111111111
11111 murm 111111 ,0111111111 1111111111 1111111111. ’111111 ,11111 ῧ. 1111.
11111131, (ἔ1111 1111111111) 1111111111 11111111 11111 1111111111 111111 1111 111 fle:
11111111111111111111111 bie 1111 11111 11111111 unt* 111 1111111111111111111111111111111
[1111111111 ,111111 1111111111 1111111111 1111111111111 111111 111 111111 1111111 1111111 11111111 1111
11111111 11111111. 1111111111, 1 111 ῃ 1311,

 

