ξξῆξι--ῤ

8utorenregistet

1082

91569155 1 1391. 1 2291

6161πί51, 6., 1 5491* 1. 15501. 1 8341

9155656 1197 1. 1208 ¹. 136511. 13671. &dumba 9155, 1v111
13681. 15313. 15341. 1 774¹. Π 109¹ 81511ῑί11, 211116, ΙΙ 1451

must. 92, 11941
9166, 6.. 11 181

91619165, 7., 1897111 9211. 112931.

113691. 114301. Π 6301. 11 641³·¹.
H 734¹. 11836¹¹

8561, 9., 1 2391. 11891. 11 694³. 666155,9.,12231.111661,113671.

11 7971·1

11 6191

1955119519, (6. be. 118111 3301167511. &timerium ⁵21.. 1 3011. Π 5371. 115441.

11 425
8559ιὶ31591 1 7041. 1 7211

115521.115641.11 8501

851555, 81).. 11 4381. 11 4401

(9511565911, 21, 11571. 11761. 11921. (5555585619, w.. 11 4801
1347114021.156541836118453. 8151111411 1 54. 1 111. Ι 233. I 24¹.

Π 1681

&aulen anuuss. 1301. 11011

&ubo 113675. 113694. 1143611. 114371.
11 4491

1941516569, ,6. von. 1 5741. 1 5751.
11781¹.11847¹

9611, 9.,1142951. 11430111. Π
43353. 11 43431. Π43511. 114361311.
114474·6

45515 5271.11 7502

8151616, 1199, Π 4351. 11 5371

1915561 1 2861. Π 164¹

19156611 Π 4441

&brimeu 8.. 1669¹

<3681ss 1371

8111111115, 211, 1400. 140711. 14151

8111111113, 26, 1201. 110331. 12321.
12841. 12863. 12871. 1289113641.
139011. I 609¹. 1 51211. 18141.
11 84¹. 118811. Π 1511. Π1521.
11 2031311 2161

&houden 1683. 17111. 1735. 11911.
16091

wemmam 9., 1 lx. I 369¹. Ι 5461.
18916

19ώί659 Π 8611

8151115111 ΙΙ 8311. Π 8331. 11 8415

55611 10071. Η 139¹. 114301

&mega 18232. Π 838¹

85119599, 911, Ι 8971. 11 4331. Η 642 9.
11 7507. 118361

9565516911.. 18341. 1 8811. 1 9101,

11901.114091.116301
8611559511 Ι 261. 110261. 1121.11331
951565 1 991
&namin 9., 140⁵. 16751. 16831.

1 684¹. 11851
8111ιηί89.. 1 296¹. 114071

11873. 12931. 129411300113231.
1 3251. 1 3351. 1 3651. 1366. 1 369.
14661. 15391. 15431. 15461. 15481.
1 649¹· ¹. 1 5511. 1 5521. 15531.
15561. 15585. 155911. Ι 5601.
1 56211. 1 5631. 1 56411. 156513.
156711. 1 5701. 1 57111. 15731.
Ι 5781. 1 5991. 1 6111. Π 4145

9169651, (5., Π 691. H 715·6

611113. 5., 19511 962. 1 805³
&tbimemunm (3., 1641. 1 1531
&batim ⁵1.. 1 xx. 1 11. 1 71. 12131.

17221. 1 9891. 1 9901. 19971. 110041.
110341.Π171.11281.ΙΙ321,Π1111.
11 123 1· 1. 11 2841. Π 3521. 11 3621.
11 3691. 11 4171. Π 463¹. 114761.
11 4801. H 487¹. 114891. Π 620¹.
11 5351. 11 5453. 115531. 115571.
11 5621. 11 5661. Π 6251. Π 6321.
11 6911. 11 7111. 117611. Π 846¹.
11 8471. Π 890¹. 118911. 118921.
Π 8931. Π 896¹

5565, 111, 1 58¹³. 159⁴. 1 912.

12421. 11 2141

8161611611, 21, 1 9431
68161132118621. Π 868¹

&cibel Ι 10081

&efficta 917, 1 31. 141111. 1 511.

161. 11211. 1131. 1171. 1 801.
1 941. 11071. 13001. 13251. I 3591.
1Ι39ῑ53ξ31 5661. 1 667¹. 11 941. 11 1561.

&cufim 6.. 1 5491. 15511
8191615, ἲς. ἓξ. nnn. ΙΙ 4961, 117061.

Π 712 ¹. Π 831 ¹. 11 8761. 11 8781

66951155, 216.. Ι 6941. 1 10091
6155569. 11 873¹. ss 879¹. 118901.

118811. 11 882¹

 

