1111111111

111 111 1111111111 mit 111 111111111111111111111 111 11111111
1111 111111111ῐί1 11111111. 11111111 1111111111 11111111111111
11111111 1111111, 1111733 111 1116111 1ί111 1111111111 111
61111111111111111111 1111111 mar. &ein 1111111111, 111 11111111

1111 &immega 1111111111111 111111 1111111111111111111.
&t 5011 11 11111111 111 1111111 11111111, 111 111 111111111111111
111111 11111111 11111] 1111 111111 11111111111111111111111111 1714
11111 11 1111111111111111 111111 1111111 1111111. 111111 11111111
11111111 ein 11111 ῦ11111111111111111, 1111 in 111111 1111111111
gog 111 11111 1111111 1111 1111111111, mn 11 1111761-1778
111 1111111 1111200, 1111 111400111111111111111113. Dide
gotinge 1111111111 111 111 1111111 11111111 sicr) 11111111111111
1111111 11111111 1116111111 31¹ 1111111111. 11111111 1111111
idne 1111111111 11111 111 1111111111, gamul 11111111111111111
&familie 111 11111111 11111. 1111 111111, 11111716111111 wemma
11111111 *mam 1111111 &tamuz 1111111111 11111, 111111 fimf
1111111111 111 111 ,11111 11111111111111, 11111111 1777 1111111
1111111111 1111111, 1111111, 11111111 111 &upbit 11111111 111111.
1111111 (1111 11111 germunt) 1111 1111111 15 11111111 1111 in 111
(1111111111 111111 1111111111111111111111. 1111111111111111
111111 in 111111 11111111 1111 eine 1111171111, 111111111111111
1778 1111 1111111111 mit 111 11111111 1111111111 1111111111ιῦ1
1111111 111 1111111 1111111111 (17.111111177811

11111111 1111111111 [23. 311] 11111111 auf 111111ῗ111 1111111111
1111111111 11 111 1111111ῖί11 1110111111[Θ. 681] schem 11111 111
mit 1111 fn 1111 11111 111 ibt 1111111111, 111 id, 11111111111111111111
1111. ein 1111111111111111111 111 11111 guter 111111 ist, ist 111 111
1111111111 1111111111 1111111, 111 1111111111111111111111, 111111
11111111 1111111111, 11111 11111111111111. 1111111 11111111111111111
111 1111 1111111111 1111 mei! 111 eine 11111111111111111111111111 unm
&ingen 11, 11 1111 id) 111 1111111111 1111111111 111111, 111 1111ῦί111111

¹ 1111. 111 1111111111, 1. SR· 1. 111111 1 11.. 11111 11111111 1111111
1111111111 1111111111 111, 1111111111 11111081. 11111111, 1111111
11111 1111111 1111 111111 11111111 1111111111 11111111πεί11 1111111 1111111111

varmum 111111. 11111111 11 1111111111 11111 1111111111111111111111
1111111111111 11111 11111111 111111. ³ 111111 1. 1. 1111 30& 611

1111111 mmm 11111 111111 1111 1111111111. 111. 1. 1111111, 111 11111111
11111111 [omit 1111 1111111 1111111 111 111111111111111111 ‘U 1 1111.
⁸ De ln Putria⁴

 

