1111111111 13111111111111 9311

1111111 1111111 1111111111 111 11111 {5553 11111 1111111111 111111-11111111111
(11111 111111 11111111111111111 111 1111111 1111111111111111111111111111111 111111
- *1111111111 1111111111 11111 111 1111111111 1111111111111 1111111 (11111111 11111111
11111 1111111 1116 1111 5555) (1111111111 111111 in 5555, 1111111 1111 111111
(111 511111 1111111 - 111111 111 11111 111 11111111 1111111111 1111 111111 11111111
55155 1111111. [lm 11 111111 111111 1111119111111111111111111 111 *11111
111 ’ἐ1111111 1111 11111111111111, 111 1111111 (1111 11111 1111 1111 11( 11111111
11111111111111111111 111111 11111111 1111, 11111111 (11111111 1111111 111 11111111
(11111111 111111111111111 1111111( (11111 11111111111111111 1311111111111, 55⁵ 11111
111111, 11111 55 111111, 1111 11111111111111111111 (1111 111111111ἓ11111111111111111
111111 11111( 1111 111111 ἒ111111111, 111 116 1111111111( 111111 1111111
1111 1111111111, - 1111111 11111 111111 1111· 111 *11111111 111 111111111111111111
1111 11111111 —- 111 1111111111 1111111 - 555 Ξ111ἆ1111111111 1111111111,
1111111111111111 111 1111111 111111, 11111111 55555555 11111 1111111111 111 11111111
111 1111111111 1111111. - 111 1111111111 1111111, 1111111(1111((111111111111111,
111111’1111111111111111111111 11111 111111 1111111111( 1111 ῧ1ι1111( 1111 unt
5i55 1111111111 11111 515 (111 1111111 11111111· 1111111111111 1111111111( - 5555
111111111111 11111111 <1111111111 111 1111111111111111 (111111 1111111 [111111 111111, -
1111111111( 1111111111 11111 1111 111, mie 111 ’Ξ1111111111 mit 11111( 11111111
111111111111; 1111111 1111 111111111111111 11111111 11 1111111 (11111111 11111111 1111
1111111111 (111 1111111 111111 11111111 11111111 1111111 1111111111111111111111111
1111111111 11 11111111 1111 111111111111111111111111111(111111111111111111111
11111111( 111111111111,

1111111 1111 (1111111111, 1111111 1111111 1111111 (1111111111 31111 1111111
1111111111 11111 111111 1111 5555555555‘55555 &555555'55555'5 11111111 111
111111 11111111 11111111111111111 11111111 11111 1111ἶ 111111111111111111111111111111
ῑ111111111111111111 1111111111 11111 111111 ῑ111111111 11( 111 1111111111· 11
1111 (1111111111111111 11111 11111 11111 1111111111( 1111111111 11111 11111
1111 111 11112111.

255 1111111 11111 1111 (11111111111111111 (111111111111111111111111111111
1111 1111111111 1111111, 111 1111 1111111111 111111111111111111 55555555555555 555'55:
1111111111 111 11111111. 11 111111 (1111 11111111111111111111111111111111111,
11111111 11 55 1111 111111 11111 111111111111111111111111111111111111111111

11111 555 5555 11111111111111111111111111111111(*111111111111111111111211, 5:555
111111111781111 Ῥ111111111111111 ’ · =

1111111111 1111111111111111. ( 5 5

11111111 111111111111111111111111111111111111111111(11111111

1111111( 111 11111 1111111111(ιό 11( 111111 1111111 111111 11111111 (1111111111

11111111 1111111111, ,11111 &unffi ¹ (11111111111111111-11 111 111111111111111 11111111
1111111111111111 11111111 (1111111111 1111111 111111111 13111111( 11111 111 1111111111 1111111111 15111,
1111111 57555 11111111111111 1111 11111111,

 

