111 1111

1111111111 '³⁴³' .

¹ 1111111

1131111111 111 6111111111.

1111111111, 1.111.,1 405 19111111, 9111111111, 1111111, 1 183
11111, 11. 551.y 6111111111 (ἕ. 611111, 1581 91111, 0111 01. 11111111 111. 111, 0111111

1614194 1 1111111111,1484.17931.

11111, (111.,011111111111111,1192 19111111, 01111111, {hau 6111111111τό,
1111111111111111011111181111111 11704

1 194 f· 11111111, 91114, 9111111111 191111, 1693
1111111111111, 9., 9111111111, 11 1091 11111111, &amq II 643. Π 644
9111111111, 0311111111111, 11443 *memnon 1,, 91111111111111111 834
9111111111,931118111111117817.187711111111, 81111111, 61111111 91111116,

1935.11105.116173 1 11001. 11413
1111111111, ς11111111 91111111, 01111111 1118111111 911111111111111, 1673

81111111, 1 101. 1 110. 1294, 13261911111111111, Dr„ 1111111 111 91111111

14901589 1 1111111111111361
91110111, 1111111111111111111111 in ffssiem 1 11111111111111,(3111111111,91111111“111,(ᾕᾰ)1;

1121· Ι 12511 1 11119111111111,1891.197611007
’3111191 1111311111 I 32· ¹ 81² 19111111111111, 111 11111111 1111 11111 411
3101111191 3· 911 Ῑ 317⁴ Π 37 1 1111111111111 91111111, 19761,
Qum 111ch &fingesiffi 1133* 1231 1 1911111111, 91, 0111111111111 1111 Rom:
Agnus Dei m bf( 3911116 I 307 1 ῃῠῃίῇ in φης’ 1 640
1111111111, (9111111, 11 447
911111111111111, ἴς. 0., 8111111 8111111111,

1 1005 ³. 11 6271. 11 844 9111),1111911111,11111111611113βώ,
91111111 111 (91111 I 6871. 1571581. 179. 931111111111116111111
11111111 1111111111111111 11111· 1 14. 1 2411. 1 328. 1 331. 1 3911.

1836 1615, 1703. 1840. 1159. 11203.
1111111111, 9111111111111911111, 11629 11209. 11 2147. Π 231. ΙΙ 232. Π 318.
11111111, 'Dichter' 1 414 Π 471
81111111, (11111, 1 677 Qud), 3⁰4)- 611, 1 32. 177. 5111111111
1111111111, 3111111111 in 9711111, 1 192 6111111180. 1861. (51191111119111111
<amicta 2111111111 11, 0111111111, 145. 1 311113. 8111111ἕ11111111 Ι 390. ΙΙ 881,

1208 11 .ss

9111114, 311), 6111111111111111111, 19241. mad» 911011.,113.120. 133. 9111111
1 935. 11 253 1111111 18111. 6111111111 1340, 1111

11111111,111,0111111111111,Ι399.144511. 111111111111391. 1187. 1111111111
1 463 111531. 911111 ΙΙ 188. 11197. 11209.

9111111111, 0111111, 8191111111, 1677. 11 211. 11 229. 11247 nub 11372. 7111
11 445 11111111111111 Π 23711 993

 

