011011111111191111 1005

...---——--—--

1111111111 11111 1111111 11111, 011111111119 111111 1111111111 111
11111111 11111111 119111111111111 11111111 1111111. 111111 11111111 10119111
111 91191 111111 11 111 9111111111 1111111191 1111011111 11 1111111111,
1111111111 111111111111 - 1111111111 11 11111, 11 11111 3111 111111
1111111111 1111] 11111111 111 111111 0111111111111 1111111111 111111
1119111111 1111111 011 11111111 119111111111 011111111111111 ist 11
111 91111111. 01111 01111111 11111 111111111191919111111, 11111 11111
111 11111111 11191111 91111111 1111111 11111. 111111 1111111 1111 11111
0111111191. 1111 0. 1000), 111 11111 1111119111111111 11011111111111)
11111111 111111 11 11111 9119) 111 11111111191111111111111111111011111
1119111111911 111111. 01119111111111110111111111. 1111 1111 1111111111
111111 1111111111, 111 11111 1111111111 111111111110111111111111111111 bin:
1119 1111 11111 1111111111 1111111119 1111 11 111111 11111111 011111
9111111111 111111 ζ,111 11111111 111111111111111 1111111 911111
11111111111111111111111911 9111111111 111111, 111 11111 1111 111 11111111
111111111111111 111 111111111111 11111, 1111111111 11111] 111 11111
1191111 1111111111. 11111111 11111191111111) 1111111111 111111111110111111
11 1113111 1111111 0111111111111 111 11111111111111111111111, hbet:
11111111111111 3119 1111111 11111. 0111111 11111 1111 111111 1110111111
1111111111 10111 111011110111111111” 1119» 111 11 11111111
1119 1110111 ›Cosi san tutte« 91111111 91 1111111111191. 01 1111
111 11111] 111 10119111 1111111111. 11111111 11120. geht. 1700111111
1111111111. 011111 1111 111911111111111111111111111. 1111111111 10111111,
111 91111111 01111111111111 11111 0111111 1191111111 gu 1111111, 111
1788 1111111 011111 11111111 1111111, 111111 1111111111 11111 111119
(111111. 101, 111111 111111 0111111911 1111 1111 11111 1111 11 11111
1111111111 um 1111 1111111111 11110111111111911111 111 1111111111,
111 1111 11111111111111 1111111111 11 111 0111111111111111111111111.
011 01111111 1111111 91111111 111 01119111 11911 111 1111911111011111
1111 111 1111 111 011111110111 9191111111(1.011119111111111111
1111111111 1111111111 11111111] 111 111111 1111111 11111 11111 1111111111 911
10111111.

1111111 11111111111111 11111 01111111 111111111111111 1011111 11111 1111111111
0111110114] 1001 1111111111. 1011111101111110132. ’01111111111119
11111111 1111111111111111111111 011111 11111 1111111 0111111111 11111119 (0111111111
1101, 0111111111 0. 36) 1111 911 1111 11111111 1111111111 111111111111111111121111
(1⁴ 814111111111191111111191. 1111111111 11111 1111 1193 1111 1111 0111111191 1111111
(31111. 0111901111111111111911.

 

