...ἢ-μ

1111111119 111 Dan (1111111111 417

auf 111 1119111191 (1111111119 111111 9111 1111111111, 111111 111 1111
1111111 1111 8911111111 1111111111 1111) bei 1111 (1111111111, mie 11111111
1111111111 bet 11111111, 11111111 1111111111 1111111 1111111111 11111. Das
11111111111111111111111 11111 11 11111111) 1111111 111 181111 1111111111
111111, mundns 111111 nats) 111111811111111111 11111111 1111111, 111
11191111191111 11919111 11111 1111111119111 1111 31111911 1111111111
1111111, 111 111111 im 1111111111 auf 111ῗ111111111111111111 111ῧ11911
11111111111111111111111] 111111 in 111 1119111911 1111111111ίῇ 111
1111111111. (11111111 11111 11111 1111111111 1111111111 1111111 1111 11 1111
11111111 uus 1111111 811111 un (11. 1. ί,11111111 vom 11111111 11111111
1119111111, 111 11191111 11111111 111119 mut„ 111 man 9111111111 an:
1111111112.

81111111 batte 1111 8111111111 aad) 1111111 1111111111 111 1111
111111 „bei 1111 9111111111 1111111 111 bem 8111111111 (111421)
11111911111111. 11111 11111111 111111 fid) 111111 11111111911111111 nu:
1111111 111 111111 1111111111, 11111 [1811191111 181111111111Ἰ 111 111
111111 111 811111 1111111111 auf„ 1111 11111 im 111111 1784 1111111111

1111111111. 11111 11191 bu nod) 111 1111 11111 1111111111 3111111111 1111
...-..-———-———--—-

¹1 767, 865. 2 111811 ss 216. ³ Dide 1111111 1111111 11111111 und)
11119 1111111111 111 1111111111 *mammonam 11. 1111ῐὶ111, 111 ute „cin 1119111111
1111111119 111 11111111 111111 1111111 1817 91111111 11111 1111 11111815 1111111111. &ie
1111111111 ihren 11111111111111111111“ 1511111111 111 111111111191111111 9111111119 in 5201:
111111) 9111111111, 1111151111 11111111111114355) 1111111111 11131191. 15111111 11111
1111111111 anes 1111111111 burin 1111 1111111111 1111 aud) 111111111111111111111116
1111111111 81911111111111111111 211111 1119111111. 11111 1111) 11111111 111 11191111
1911111116 in 111 113111111111111111111111111111111111111111111 Qud 911111 111111
1119111111( 111 1111111 11111 6111111111 111 1111911111 911111111111111ἶ1111111111
9111 111 1111111911 11111111, 11111111 11111111 11111111111111111111111111111111
61111191 11111111 11111 11 1111111 1111111 1111111111, 111 91111111 111αέ111111. &ine
1111111111 1111111111 1111111 &buria Π 98. ⁴ 1111111111 Θ. 701. fi Qut(
11111111 1111111111 am 4.(111111 1856 1111111111111 31111111 11111111 (1111111111
ὅ, 61112 ,111111 111111111111 1119111 1111111 id> 1111) immet 11111 1111) -111111
59 ‘311wa 1111 weg 1111111 111111 1111111111, 81111 81919111 &abunt binuusss 1111
(11111 111111111111111(51111111 111111 1111 um 18111111111111.1 1111111 191111 (hamale)
11111111, 1111 111 1111111111, 11111 111111111111111 1119111111 1111111 9191119111, 11111111
1111111118 11111 1111111111 1111111111, 1111111111 11111111811111 1119111111, 11191
1111 1111911 mun 111 111 11111111111111 111, bie 111 11111111111111111111111

111114111111111111 1111111. 11111) 11111 1111111 11111 111 mit 11118 5111111111, 111111 11111
&utrm 11111 11111111 1111111 im 111111ῐηί111 1111111111. ‘Jm 811111- 111 111
11111111 &cite - 911111 ein 11111111 fflffumenpumm 1111111111111111111111 0111111111

1111111111, 1111111111 fid> 111111111161111111119, 111 111 1111116111111191

1111111, 11111111, 11. 27

 

