ψ

344 111111111111111111111111111111.3111111111111111

-......-..---—--——-—-

111111 111111111111111111111111] 11 111111111111111111111111111111,
1111 1111 1111111111 6111111111111111, 111 111 1111 mm
1111111111 11111111 1111 11111 11111 1111111111 11111 111 1111111
11111111 11111111. 112 111111 1111111111 111111111111111. 1111
1111111 1111 111 1111111 1111111111. 1111111111111111111 1111111111
111111 111 111 burch 111 11111111 1111111111111111111111111111111
1111111111 111 9111111111, 1111111111 1111311111]11111111111111111.
{sm 11111111 111 11111101111111111 1111 111111111111111 11111 111
1111111111111111111111111 111111 1111 11111111111111111111111111
(1111111111, 111 111 1111111 {mmet 1111111111111111111111111
111111 191111. ἳ11 1111111161111111 1111111 111111 1111 11111111
111111 11111 111111 11111 1111111111 1111111 111 111 111111111111111,
1111111 11111 1111 111111 1111111 11111 111111 111 1111111111
111111111111111111 1116111] 111 11111 1111 11111111111111,1111
111 11 11111 1111111111 ist· 11 111111 11 1111111111111111111111
11111 1111 1111111 111 1111111111 &immet 111 ,1111111111 1111111111
1111111 11111111 111 111111 1111111 11 111111111111111111 111111. ilud>
11 111 1111111111 1111111111 1111111 11111611111111, 111 1111111111
11 111 1111111111 1111 11111 111 111 11111111111111111111111111111111
111 1111111111 11111111111111 1111111111 11111111111111111
111 ς1111111111 11111 9111111111 11111111111111111. &dm 111 11111111
1111111173 1111111111 111 11111111 111111 111 111111 11111111
1111111 1111 111 111111 (1111111 111 111 11111111 111111111211111
111 111 11111111 111 1111111111111111111111111111161111111111
immet 111 11111 111111 11111 1111111111111111111 1111111111 1111
111 111111 111111111111 111 1111111111 ὓ11111111 111 11111111 1111111
1111 1111 11111111 11111111, 1111111 11111 1111 11111 1111 11111111Ξ
1111111111 1111111111 111 1111111 6111 11111 111111111111111111
1111 111 111111 aud) 111 1111111111 111 11111111 111 1111111111
111111111111111111 11 111 6111111111 11111 11111111111111111
111 11111111111111111111111175), 11111 111 11111111111611111111
(111173) 110) 1111111111. 1111 1811111111 ist„ 111 11111111 11 ben*

1111111111 11111 1111111111, 111 1111 1111 1111111111 1111111111
11111 1111111111 1111111111111111 11111111 1111111111, 1111111
1111 111 (1111111111) 1111111 1111111 aud) 111 1111111111 111 W?
11111111 1111111 111 11 gu 11111 1111111111 111 11111111 111
1111111111 1111111 1111 1111 11111111 11111 111111 &um
11111 111 1111111111 111 1111111111111111111111111111(11111111111111

 

