zen 11181111111111111

111111 11111 1111111] 1111111111 111 oft 11111111111111111111111111
11111111 1111111. 111 81111111 1111111 1111111 1111111 ,1111111 11111111
cin 1111111111 1111111111 1111111111 111 1111 1111111 auf 1111111111
11111111 8111111111 11111111111111111111111111. &a 11111111
111 1111111111 111111111111111111118111111111 111 1111111111111111

111111 11111 11111 (1111111111, 11111111 autb 1111 11111111 1111111111
1111111 1111111111 11111111. 811111111111111 11113 111111 1111111111]
111111 mun 11111111 »1111111111 1111111 1111111 11111.

8111 11111111 ὓ111ί111111111111 (11111111 8. V. 9 1111 11111111
1111111111.) 1111 1111 111111 111 1111111 111 1111111111 in 11111 11111111
111 11111111113448111111111111111 111 11111 ist 11111111, 1111111
11111111111111111111111111111 111111 11111111) 11111 1111 11111111
111111 111 111111 111111 1111111 111111 1111111111.

Um 17811111 11111111 111 Qut 11 1111111111111111 Θ1111111
1111111111111111 11111111 11 1781 in 1111111111ῖ11111111111111 1111
1781 1111111111 11111111 1111111111 811111111111111111 et:
{theim 111111 11111111 &ital 111111 111789 1111111111 1111111112.
>Zet 1111111111 111 1111111111 1111111111 ist 1111111111111111111
11 6111111111 111 11111111) 1111111 ein 11111111 11111111 (1111111111 111
11111111 11111111 1111111111 11111111 1111111111 1117111111. 1111111111
ist 111 1111111111 1111111111 1111 11111 1111111111 „Die 1111111111
111811111 111111 111 1111111111111111111 111 111111, 111111 in
1111111111 1111111111 ein 1111111111111111111111111 11111111. ἳςη
111911111111111111 1111. 11111111 111 111111111111111111111111 111
111 &alammion 1111111 autb 111 1111 1111111 11111111111111111111 gc:
111111 ³. 11111111 11111111 siut 1111711111111111111111111111111
-.——-—-——-—·-——-

¹ 111111 ’1111111111 bes 1111111 111111 1111111111111111111 111 1111111111 1811
1111111 1111111 111 1111111111) 1111111111 1111111, 1111111 ffiaQ. 311 1111111

1111111111 1111111 111 1111 1111 111 mit 1111111111 »Tene 11111111 11111111.
² 111111 hem 11111 1811111111 1111 111 11111111 81111111 111111 111111 111111 111
21111111 1782 111 111 1111111111 {ruppe 1111111111111111111, 11115111111111,
(5111111111 81111111 1111111111 1111119116, 1116. ³ 11 11111111 11111 11111
eine 1111111 8111111111 mit 11111111 neuen 1111111111111, 111 111 311111 (11 36711.)
1111 111 ,1111111111 1111111111 11111111 111. Dic 1111111111 1111111111 1111111
11111111 11111 „manain 111 {ichen 111111111111111111811111111111111
1111111111 (ῶ111111111 2310 81). §Dide 11111111 11111111111111111 11111111, 111 11111111
1111111111 111 1111111111 111 11111111, 1111111111 111 11111111, 811111111111111
111 111111, mamito 111 1111111111 (1111111111, 81111111111111111 111 macheu:
3111116111 1111 11111111 111 1111111111 111 11111111. 11111 111111, Qus

 

