ξΞῗΕ-ξΞ--Ξ

658 Cos} san tutte

1111 ἓίῑ 11111111111111 1111111111 1111 1111 9111111 1111 1111111111
6111111111] 111 11111 111111 111 111111111111111111111 111 (11111111.
1111161111 111 11111111111111111111 11111111 11 111111 111111] 1111
annuntiantum 1111 ,1111111111111111111 111 11111111111111111111111
1111 111 11111111 1111111111-111 11111 1111 1111111111 1111111111
1111111111βά 1111111111 11111 111 111ῇ111111 111 91111111 mie 1111
&butten 11111 1111111111 111,,111 11 1111111111 911111111311111111
,1111111 11111111111111111 1111111111, 1111 111111 1111 11111111, 1111
gu 1111111 1111111 111 11111111 1111 111 1111111111 1111, 111 11
fid) 111 1111111 111 111 111 11111111 &piel 1111111. &e 11191 1111
nod) 1111 1111111119111111111111111111 gangen Dpet: 111 111111 111
11111111 &misnen 11 1111111111 111ῗ1111111111111111. 11111111 {magt
1111 11111111 11 1,1111111 11111110 11 111111 1111111111 1111111111
1111111111 -1111 11111 &athe genbrt 1111 1111111 {einez 11111111
111111.

11111 3111111111 11111 (11) 111111 111 111111111111111111111
1111119 111 11111 (11111111 111111. 1111111 1111 111 11111111
1111 1111111111 eine 111111111111111111 111 111 911111 &otonem 111
opera seria. 111 111 11111 111111 11111111 1111111, 111 1111111111
111 1111 11111111 111 111 1111111 111111Θ1111111 1111111111ῐῖ, zm&
1111 11111111 111 gu Qorabellas 11111111 11111111 9111111111. &it 111
111 111111111111111111111111 111Ε1111111111 111 1111 111 11111111
1111111 mit 11111ῧ1111 111, 1119111 111 11111111111111 111 11111111.
ἕο 111111 111 1111 111 11111111111111111, 11111 1111111111111111
1111) 1111 1111, 1111 1111111111 1111111111. 11111 111 1111111 111 111111,
111 11111, 1111 111 suth„ 1111111111 1111111111, 11111111 111, 111111
111 11111111, 11 11 gu 111111 111111 111111111111111 11111 11111
1111111 mill„ 111 1111111111111111111 11111 gangen 1111111111111
1111 11111 111111 111 11111111 111111 [111111111111111111111111111
111111111111111111111) 11 1111111111 1111111. 11111 1111) 11111
wie 1111111111, 111 ς11111111 111 111 1111111111111111111111111. 61
1111111 111. 111 111111111111111 111111 ῗ1111111111111111111111111Ξ
1111111111111 111111ς 111111111111] 1111111 1111111, 111 61111111 mit
11111 11111111111111 1111111111]1111111111111111 111 1111111111
1111111111111111 111 suono orribile de’ miei sospir gemubnen 11

¹ ¹ 3 11⁴ 515. 1111111 111111 Θ. 147 1111111 1111111111111111111111111
1111111111 {m 11111111, 111 111 Θ, U„ 111111 in 111111 11111 18111111 111 111111

111111 11111·

 

