ss

1111999199 1191911119 11133
“p-Q.

9111191 1199191119191111 99191 1191919199 119111 1111911 1111 119. 1111119111
1911111991 99111191 1119111199119119911919 919 99 119111 9911119 11111 9111
1111911911” 19119 11119919191119 1111 1119911911 AAAA 11119 99111 1199 99
9199111919 119911 91919 9119911911 Cpnrn 9111 'Aen 1911111111 9111191
,1199111 1191191111199111111119199119Ε99911919111991919911119119ι91
1199, 9919 991 1919191 91191111 111199 111191 9111 11191199 119191 1111991119
9999191111 AAIADEO VVOLFGAA'GOA AlOZART ACCAD
FILARAION. DI BOLOG E DI VEROAA 1191 9911111111919
Joannes crisostomus wolfgangus 3 Amadens 11199919 3 3911319111-
gensis Teuto aurznae militiae 3 Eques 3 Bononiensis Veronensis-
que 3 Accademicus 3 A'atus 27 Januarii 175A 3 Aetatis snae 211,

Am 119911111991111 11199191 11119999 19111 111191 91111 1111919191
9911119911111, 99111 911191εή 919 119111 99999 999 111119919191111 119991,
Ar 911191 991 9919 1119191119 919911 1111199911911911 111911191911911111.
9111119111 111 9911199911.

AAA 1191199119 11111911911991111191111311919111111199191 91991 11991
91 1111 919 191111111919119 99111919 1999919, 9119· 911 99999 1111111119
11191911-19991 919 9911911191911 111919 911 19111 11991111 111119 1111119119
1119 9991991- -9911111111 9119 1191111119 919· 11191199 99911 91111 1119111
19111119 99119111199911111999199191111191911161111191119119
19199191999919111911119 9191919991 11911 1991191 1119 119111 11911 9119
91911191 11119111 1119119119 111111 91119111 99911199191919111111119 11119ῑ111159111
99191991 111 119111 1119111 111 1999999119 AAAA 9111 1991191 1111199
1119191 91111 919911199119111911 991 119199 199119 919 619191 auf:
19119199 1191191199 9991119991 9119 99 Am 119999 991 91111 1119111. 9119119.
919119199911191991999991191199119111111119111199911999991

Am 191191 1182 1119119 19111 1911911 991 Ε119911919991111 1911199
ῐ911199919 119111 11111119 1199111 1191 9911 11919 91 999 Ε91119119111199
19991 919 AAAAAAA AAA 9111 11199111 11119111 9119111 1119111 1119119119 11911999
9999119119 199119111111999191111 «1199111119 999 11199911911199
919111 1991111999, 11999 99119 Auri 1119 1119199999 1919199199 11119

99199119 1133 911911119199919919191999 11119 1919919119191911111111111119

11191 »91111193 2193119119) 119 19111911 19119919111919 1119111111
111191999911191.1ἶ1111911191·1.19.111113.1911111359. 1191191119
[119119119939111119991119111111191991931191111111121.1111111

115 9199119111119111191111111111,111111111111111»11111119 111 11319119
1125 11126. 111129 411191119111911199111111 1111.1ἶ111111111111.628

A 11211.

 

