ss

1028 11111111 XIII

11111111 111111, 1111 111 11111111111111111 1111111111 1111111111 11111
11111111 11111111111111. 1111111111) mit 1111111111 111111111111
111111111111111111111111 111111 et 1111111 11111111 111 11111 1111111111
11111111, 111 1111 111 11111 mit 111 11111111 111 mit 1116111111
Iun 1111111 111 111 11111 1111 1111111111 111 ς11111111111111111
111111 111 1111111 11 151111111111111111111111111111111111 1821)
111 1111111111 1111111111 11111111 11111111 111111 111 1111 1111 1111
1111111 1111111111 1111111111, 111111 1111 11111111 meir„ 111 111111
1111111111 gu 11111 1111111111 1111111111 ’1111 1111111 111111111111111
1111 1111111111111 (11111111 16011. &o 1111111 11111 nie:
1111111 1111 111111111111111111111 11 1111111111111111111111111.
IIII 111 1111111839 11111111 1111 1111111111 111111111111111
111111111111 111 1111111111) 1111111111111 einen 1111111111 111
11111 gu 111111 111 11111111111111 1111111111 [einer 1111111111 11
111 111 111111 11 11111 (1111111101 ἐ 27911 11 11 111 1111111111
1111111111111111 11111111 1111) 111 111111111111111111111111111111
111111 1111111111 - 11 11111111 11111 1839- 11111111111
111114.

1 111111111111111111 11111111, menn 111111 (11111. 11111. 511, 1826 6210)
1111111 61111111 6111111 Π11111 11111111 1111111111 1111111111 1111111, 111
1113111111111111111111111) 111 11111111 111 1111111111 1111111111 11111111,
11111111 1111111, 11111 111 31111 1111 11111 11111 11111111 11111. 21111 61111111
1111111111 111 1111111111111 111 11111111 111 1111111111 1111111111 (111111
1821 111. 111113 1111111111051. 1291.) 1111111111 111111 (1111111111 61331.)
111 111 1111111111111111111 (eb. 61931.) 1111 111111111111 111 11111111 en
1111111111111 (111 1111Ιί1 VIII Θ 551.) §oie 1111111111 11111111111111
1111111 11111111 111111111 111 1111111111 111 1111111111 1111111111 1111
111 11111111 111 ς111111111111 1111111111 (1111118211111 1111111111 1111111111
(111111 1821). ³ 1111111111111111 111111 1111111111 1111111111 (1111111111311,
V ῧ,1211.), 1111111 weber 1111 111111111111111111 111111 1111 (1111111111
81411). 11111 1111 11111111 111111111111111111111 1111 111 1111111111
1111, 1511111, 111 11 11111 1111111 1111111111111 &tuit 111111 ’3111111111111
111111, 111 tinem 111111 11111111 11111111 11111111 111) 111 1111 1111 11111111 11111
11111111, 1111 8111111 111 1111111111111111 1111111111, 111111111182ὀ 11111
111111 11111) 11111 11111111 11111111 11111 111111ῐί1111 111111 (WB XXIX
2501.) ,11111111 1111111 111 111 1111111111 111 1111111111 10 11111111, 1111111111
11111 1111111111111. DI 1111 11111 &ile in 111 1111111 1111111111 11111 11 111111
11 111 11131111111111 1111 1111 1111111111 11111111, nen 11111111 11111 111111
1111111111 1111111 11 111 111 1111111111 111 1111111111 (111111, 611111 111111
wamma 1111111111 11111, 1111 et 11 11111111 111111 111111111111111113111111
1111111111 111 1111 1111111111. Θ11111 111 1111 1311111111 111111 11111 Iit& 11

 

