ψ

694 (6111111111111111111111

11111 111, ist 1111 111111111111, 11111111 1111111111 in 1111111311
11111111 11111 11111111. 111111111111111 1111111111111111
1111, 111 ς11111111 1116111111 111 1111111111 1111111111, 11111111

21111111111111111111 1111111111111111 1111111111111111, 11111
11 1111 1111111 ist„ 111 11111111111111 11111111111111. Qec 1111111
11111111111 raet 111 1111111111 1111111 11 &but 111 1111 11111111
111111 11111111, 111111 1111111911 111111 1111 1119111111111
111 1111 1111111111 11 11111 3111 11111 (11111. 410, 411, Θ. Χ.
15, 16), moruus bei ienem 111 11111 6111111111 1111111 11111111
1111111111 1111111111 1111111. 111111 offen 111111 111 11111111 111
11111ῧί11111111111 1111 111111111111111 1111111115ΧΧΙ1Ι. 62,
111911122911111, 111 11111 nie 11111111 111111 11111 11111111
1111, 1111111111. 211 1111111211111111, 111111111111111 11111111,
111, 111 111311111111111111 111111 6111111111. Det 111111
11111111 1783-1785 111111 11111111 11111, 1111111111 1111111111
auf 111 gange 11111111 111 111 1111111111111111 Q 111 1111111111,
111 1111 auf 111 3111 111 Dan 1111111111 111 111 1111 111111 6111
111111 11111111. 1111111111 ist 11 1111 11111111111111, 1116111111
111 11111111111131111 1111 11111111 111. 15111111111111111
in 1111131111 (23, 11111) 111 1111111 111 111111 in 1111111111
1111111113, 11111, 9111111111 11111111 (11111. 617, (ἦ. X. 18)
111 11111111 111 111111 1111111 in 1111111111111111161111.
356, Θ. X. 17). 111111 &infe 1111 11111 {fit 111 111111111111111
11111111 1111111111 1111111111 (111. 1776), eine 6111111111
611111111114, 1111111111, 111 bei 111111 11611111 1111111 1791 1111111111

¹ 528&ss ΙΙ 421, 111 111τί1111 111 1111116111111111111111111 11111 1111111
1111111111 ist. 2 71111 1111111111 Ε 1111111 111 111 1111111111, 111 &ab 111
111 11111111111111111111111111111 11111111 11 11111 &r 1111111111 111
151111111111111111 111 111 3111111111111111 111 111 [111111 1783-1785,
3 (3111111111 11111111111111 111αό1111111, 111 1111111 11111111111111111111
11111 1111111. 11. 11111111 1111111111 1762 11111111 &bulen 11 11111 gemam
111111 111111, 1111111 111 1111111111111111111 1111111 111111. 6111111111
1111111111 111 11111111 auf 1-13111 1111 auf c-c⁴. 1111. 11111, gut 61111
111 (1111111111111 1862» Q (ἓ1111, 6111111111 1. 1111111111. 1913, Θ. 1591.
411111. 61111790, Θ. 1701, 1791, Θ69, &e 11111111 11, 11111111
19131111 1791 111 ,1111 11111, abemus 1111111 111111111111111111 mit
1111111111 3111111111, 11111111 111 11111111111111111 11111111 1111111 111111,
1111113111791, ς1116611111, wius. 11111792, &1442 116113 1111111.
m &ine 11111 11111111 Quintum 11111111 fid) im &algisurgtt 1111111111
(111692, 1111).

 

