3111131311 1131111 11111113

01111 1. 1111111 11101111301111 111013101131101111111111111,
111 101 1111 0111111111 011 0111111111 0111111111 1111111, 1110 111
’111111 1111111 11111 01111101 011 111111111111111 011111 1110 31111111111111
1111111111 11110111, 1111011111111 01111113 011170111111101111· 1111 011
11110013111,11ι1011011100111111101011111110101110111111111111
1111 11111 01310111 1111111111, 011 1011 111011111111101111131111331113
11111111. 011116130111111 111111 01111111 1111111011 111111, 11 1110111
1111 11 111111 1111 111111111111111111011 011311 011111 0111111111 111 1111,
0011 1111 1111 11111 01111111 111011 111111 1111111111 11111111. 00 11 11111
11111 1111101111 0113111 1111111101 1111311111 0111111

0111169.0111111311111111111111 12 0111111011 1110 1111111111

2101111111 011 11311 0111131. 011 bem 1010111 30. 0111111011 un:

311011013111111113111 1111 auem 0111111111 111111 0011131113 1111 1111111 111.

01111103. 00311111111111111113011111100111111113111.
111111 1111 1768 101 1011111111 mit 011 011110011111 (11101391.

01111176. 011 11011111 111111 01111111 31111111, 1111 3131111111
11111113 01111111, 111113, 1111111 111 12. 0131111011, 1110011131111111111
1111110111 1111 11111 0113111111 111 00111111 1111 0111101111 1110 0111111111
um 1111111 013, 01111 1. 0113111 111111 1111111 11111 3101111311
3111111111, beu 111111111111131 313111 1111111 1111111 1311113111.
911111 1111111 01111111311111111311 1111111 111 0111111111 111111 ersten
11111111111111 1111111 11131101 1011111ιο 1111, 01 11111111, 0111111, 013111, 01111
1111111, 01111111, 011111, 01111111, 0111111111, 0111111110 00111111,
0111311, 31111113, 011111, 9111111, 01111, 01110131.

0111120311. 011001311001111111101111011011311111111111
11111111 1111111 11111111 1111 0111 011 1111111, 1111 111 111 1111 01111111
01 01111111 1111 1111011 111311 111 0111111111 0111111.

01111 277. 011111 1110111111 ’3111111111 1111 111111 Egeria( 110113
17341110111111113110011111707111117111110 11101101111111111
111 01311111 1111 013111111111,011Ρ111εηορε 0131 11111 11 01113 111.

01111302 031 0131111110113100311111111 ab.

01111430.011011110111111 11111111111111111 11111111 011 opera

311111113130111311111Α11ιι1111151111>118151111011111101111
01111 980 11011 0111111111 131 1111111131· 0011111111

11111113,8111

Ιἶ11,11111111000)11,3111111110111,11111331,1111111011111111111913
101111111111111101112481 13101110 2111. 10111113 0111111111
011119 112. 1001111110 191.

 

