1010 0111101119, &tauta 11110 0111111110

Ἣ

11111 111 0111111111 01101101111111 111111. 111111) 01111111 11111111 in 0111
&asten 1111 01111111 gu 110111, 010 11111 91111119 178225 gleid) 0111111
011011ιο er 11111 111 9111111111111111111111111111111 01111 901111611911

ς01111. 111. 91111111, bet 11111 ῧ1111110101111111111111 111111111111111111
511 0111111011 11101111 butte! ,1111 111111 guter 111111011111110,01111111
011111, 111111 0111111111, 011111) [eine [0611911111 11110 1101111111 0111111
111111 (01111110111111, 9111111 90111100111111 (91111 111111011111111 bc:
11111111 12991111 1782)³. 011111 111111 einen 00111111111111111111111111,
ein 111.,,10011111111111111111111111, mie 111 nod) 01111011010111101
maren, 6111111011, 011 1011110111 111 ber 0111111111οε 11111111111114.
01 11111101 01111011 bem ς01111 (8. 91111 116201

&e 11111111 110111, 011 11 bier 11111 911111100111111111 gicht, 1111011111
[ebt 11111, inumb! 1111111111111111 111 01111111111111111ς nur 111 11 immet
110111 nient 111111 in 0101111119 9191111111. 0011111 ‘martin 1111111111 011111) ein
011111 0011191101 011611110111 1111111111, unt> 1011110011111111111111
{eines 1101110111 10101911101110, 12 01111111 im 0111111111 111 9101111110
4 grege fflzntbtmufiquen 1111 0111 1111011111 1111115111 in 011 611011. nas
06111111111111 ben 1111111 &mmet 1112 maten. 011111 16111111 (911
fid) 1111011111, 011, mir gmug &ubfl'ctibtnten 0110111111 11110111, 1111110
1111111 01 id) 111111) tarum 1111111111 110011101111111111011, 311) 11110111
11111011 mir nur 100 011111111111 1110111, fo 0111111111 11111) 011 1111:
1011111 200 fl. 1011111, melche& 1011 1111111109ῑί111 111111 fanu) 0111] 1111130111.

1 91110111, 011111 117652. Q. 01110111, mentm, 1 127f. ¹ Θ. 1. Θ. 891.
³ 10 11 111. ⁴ 01111111 0111111111 (011111 IV Θ. 552 f.) „nn 01101010191111 011111
111111101111111111110111111011110 1101111) 1111111 menig 11011 0111111611ῖέ ,311 0111
911011111111111111111101101111111101 1111 10101111001111111111101111 011111 9111111111,
1111 beten 110111 ὲ discretim] 6111119110 111111 10110, 111111 aud) 0110111111011111111
1011111111 nnn 91111111)1111,1111’1ι11 fflegebten 01011111 11110111 tuith! 01 0111111111,
1110111111011111111111111111011011, 0111111 et 1110101111 011110111111101, fei 11
1111111 10 1111111111 03110101, §paphu ΙΙ, 614811. 1311101111, 0111111111. in 901111
0691. 11111169. 60011113111782 01141. 1111111111,
0111111 Ι Θ. 21611 ,61111011 1110111111 01111111ρί111 1111 mid> 1111111 in 0111
11111111 6101111110111 011 1011111111 1111111101111111111. 111111111111111
1101111111 0111111610 9111131111 1111, motin 1111 9111611111 1111111101 9111111111
11110. 11111111 01110111 61111111 11111111 oft 01111111 1111 11001011110111111111110
11111111 011111. 311 11111111111111 6111111111 1111111111 111111 1011101 0110111111,
1110 011 91111 &incy 11111111 011 110111160193111111111111111011111011011111111011111,
(hut 111οα1111 tine unbefdmiblid) 11111 1101111111, :oie 11111111ίί101 011111, 011
1111111111 1311111, 011 0111111061, 11111610 011 91101010111010111111111011, 11110
gicht 0111 9111111111 einen 1111101111 meis! 3101011111 011 11111111, ὅ. 10
00116162,

 

