πῆξε

111111111111911 1113

11111111 111111 11111111. 3111111111 1111111 CosI fan 111111 11111 18111
1111182811 111111111111111111111111111 1111 11111111 ,1111111111 1111111
1842 1111111 111 1111111111111191111111111111. 11111111 111111 11111 11111111
1111111 11111 11111 1111111111 11111111. Dic &talu 111 1111111111 11111 1111
111111 11111 111ἕῦ11111111111801 11111 11111111 11111 1111111 11111 31. 111111 11111
11111 1111111111111111191. 3111 1111111111 1815 1111111 11 111 ’11111111
11111111 111 311111)4 11111 1816 111 turin gegeben53 1111111 1111111
1111111111 1111111111 man 11111111111111 1810 111 11111111 11 111 111111 ’.

1111 111111111111111111 1111 111 1111111 11111111 111111 11111 11111 11111111
IIII 1111111111 111111 1111 1111 1311111 1111 11 111 1111111111111111 1111
111111 11111111111911111111111, 11 111 11111111 ff. 1. 11 1111111 11111111 11
1111111111 11111111111111111111 1111111111 11111 11111 1111111111111.ι
1111111111111111111111 1111111111111111111111 111 11111 1111 1111111111 1111
1111111111 1111111111111111111ἓ1111111111 111 1111 1111111111 311111 1111111
11111, 11111 111113111111111111 11111 1111111 1111111111 111 1111111111111111
11111111111111111111111 1111111111111111111111111 11111 1111111111 11111 111
1111111111111, 111 1111111 1111 111111111111111111 11111111 11111 en„ 11111
1111111111111111111111111111 1111111111 1111111111111111 111111111111111

11111111111111111 ῧ11111111111111111111111111111131111111111
1111111111111 11111111 3111111111 11111θ11111111111 11111111 1111111111 1111111
11. 1) 11111 111 1111111 1111111111 11111 1111111 1111 111111 111 1111111111 1111
111111111111111111 1111111111111 1111111 1111 ’1111111111 1111111 1111111

’111 11111111 11111111 Ξ111111111 1111111111 1111111 111111, 1111113111111111111
1111 1111111111 11111111111111111 1111111111111111 1111111111 1111111111111111 1111
11111111111111111111111111111111111111111ι11111111111111111ε
11111111, 11111 11111111111111111111111111111111111111111111111131111111111
hang 11111111 11111 1111 11111111 11111111 11111111111111111111
1111111 111111 1111111111 111111 11111 111111 11111111 1111 1111111111, 11111111
111111111111111111111111111 111111 1111111111111111111111111111111

1 1811111 (ἶ. 210, 11111111 1111111111 Tit 11111111 1111111, 1111111111 unt
,11111111 in 11111111 Ξ. 1111. 11111111, 1111111111112111. 1 1511111111 Is.
Scala, 11100, 3114. ⁸ 1111111111 La scuoIa musicale Iv 2268. ³* MWIS
1111111195. 1 1111111111 IV 398. 1 111 111 11111 Η11111111111111111 11111111111111
111111111131111801, (ἔ. 211311 111 111 ‘Dm 111 cin 11111111 1111111 sumni«- gc:
11111111 11111, 11Ξ111111111111111111 I 2( 11 1311111111 111 111111 11111111
&Iuben 111121 Θ. IIII, ,1111111111111111111 1111111611. 11 31111111 (11111111
111111 Spa 111 1111Ιί111 11122111 1111111111111111 (1111115 11113111, 111231111111111
11111 1311111111 1111113 1111111111) 11111 IIII 111 <mmmm 11111111111111111111111
(111113 1111 11111.

II*

 

