111111111111 um 111111 1111111111 879

11111111 (11111111 111 Qatnu 111 &mittem 11111111. 1111111 6111
111111 gab 1111111 1111111 1111 1111111111, 1111 11 111111 11111111
1111111111 1111111781 11111 111111 1111111111, (11111111111111111
111 111111111611111111111 111ἶ11111111, ,11111111111111 acteur¹ss
1111111111, 1111 1111111111 111111 1111111 11111 1111111111 1111111111 ¹.
&ichen 1092 111111 1111 11 1111111111 611111111111111111 1111111111
1111 1111111 111 1111111111 1111111111, bie 11111111111111111111111

111 1111 61111111 111, 111 1111 11 1111111111, 1”1 1111111111111
11111 111111 1111111, 111 1111111 1111111111 1111111111111 111 111111
11111 1111 1111111112. Dus 11111 111111 11111 1111111111 1111111111,
11111111 11111 111 1111111111111 11111 im 11111111 1111111 1111 111
111111111111111111, 11 1111111111 111 ἓ111111111111111111 11111111 11
1111111111. 1111111[1111111111111131111111 11 1111111111 3111111
11111, 11 111111111111111111111151111 1111111 fich 1111111111
1111111111 1111111111 111 1111111781 11 11111 1111111111 &tene
11111111 11111111111111111 11111111111111 111111

11111111ῧί1 11111 id] 111111 11111111111111111111111 11 1111111111
wit 1111 opera 111111 &a 111111 1111111111 in 11111 opera seria 111111

111111111111111111111111111 1111111111 11 11111111111111 11111 11
einer opera buffa 11111 111 111 11111 1111111111111111111111111. 1111
111111 11111 opera seria 11111111111111111111111111,111111 [11111111 mittun
111111111111111111 1111 1111 in 111111 &athe 11111 gun 3111 11111 halt( 111

in 1111111111 1111111111111 nod) 111111 1111111111 111, 111 in 11111111 11111
111111 111 1111111111 1111111.

Die 1111111 11111 111111 1111111111111111111111111 1111 1111111
11111111 [1111111111 6111111111 wicum, 1111 111 1111111111111111
1111 1111111111 111 1111111111 111111 seit 11111111 3111 1111111111 11111
1111111 111111111111111111 1111111111 1111111111, 11111111 111111
1111111 1111. gum 111111 111111 1111111 11 fiet) 1111 11111 111 1111111111
111, 111 11111111 1111 1111 111 {n 111111111111111111111 111 1111111
in 11 1111111111111111111111 11111 111111, 1111111111 11111 1111 111111
1111111111 in 111Ρ1111 giardiniera 111111 1118111111 11111.

11111111 1111 111 111111111191111111111111111, 1111 11111111
1111111 111 1. 111111 hem 11111151

ι11111 1111111111111111 111 junge Ε11111111ί1 rin 111111 111 1111111111
gegeben, -- 1111 11111 ist 1111 111111 111 &niet 111 1111111111, 111 [11111

Ἢ

111111 1111119, 1111191. 1111111. 1111111111.

 

