333333333 3333333
fd

mie 1111111111 1111111 1111111111 11111111,
1111111111111111 1111111111 111111.
1111Ε1111111111 111111111111111111111111111
13333 111 11111 11111111 1111111111111111,
111111 11111111 11111, 111 3333 11111111 11111111.
11111 1111 Ε111111 11111 1111 Ε111111;

111 1111111111 1111111 111111 11111 11111111
11111111 11111 1111111111 11111111 11

1111111 1111111111111111111111 111 1111111111 11111111
111 111 111111 1111111111 111111111111

in 1111111 11111111 11111111 1111111113

11 111111, 333 111 333313333333333

3133 333: 333333 11 33333333 11111 1111111,
1111 1111 - 11111 111111111 111 111 1111111.

3333 3333333333'333 333333
33. 31. 3333333.¹¹

1111111111 333 333333333. 11111111 1111 111111 11111111 3333 333333'3
11111111111111111111111111111111111111111.1111111111111111111
1111111111111111 111111 1111 11111 1111111111 11111 11111111, 1111111111
111111111111111111111111111111111111111111,1111111111111111111111
11111 1111111 11111111111111.111 1111111111111111111111111111111111111111
1111111 1111111111 1111111111111111111,,1111111111111111111111111111 333:
1111111111111111,111111111111111111111111111111111111111111111111111
1111111111111111111111111111111111111111111111,1111111111111111111111111;
3333333333 111 11111111111111111 ,11111111 1111111111111111111111111111
11111 1111111111 Ε11111 11111 1111111. 1111111111 1111111111 ffi333333333 11111
111111111111111111111111111111111111111111111111111111111111111111
1111111 11111 111 11111111111111111 1111111111111111111111111111 1111111.
,111111111111 11111111,”111111 11 1111111201111 17833333 333 11111 mir
1111111 1111111111 1111111, 333 1113111111311111111111111111111111111111
1111111 11111 111111111111111111111111 1111111111111111111111111111111111
11111, 11111111 1111111111 111111, 1111 33333333333 1111111· 1111 11111111 111111
33333333 1.111111” 3333333333333 11 11111111111111111111,1111 1111111111
111111111111111 1111111, 33 3133333333 1111 111111Ε11111111111 1111 111 1111111111.
1111111111 1111111111 33'3 333 333333333 333333333 11111 1333333333333 1111
Ε11111, 1111111111, 1111111 11111 1111111111, ,11111111111111111111111
3333333333333 1111111111, 11111 1111111 11 1111111111 3333333333 3333 111 s3333
111 Ε111111 11111111 333 111 1111111111 11111 111 11111111 1111111111 111

1111111111.

 

