zie 6111111111 ,1111111117 295
..----—-—-———--
111111ωά111 1111 fcit 1763 6111131111. 11111 111 11111111,
111 1111111111 111. 11111111, 111 bem 111111 9111111111 111 ,11111111
mette 11111111 1111, 1772 111111 111 111111111111111111111 vom.
3111111111 1111111111 1111111111, 1111111 aud) 1111111111111111
1111111111 11111111 1111. 111111111116111 111111111111111111
1111 1117651111 1111111 11111111112 1111766 11111111 111 11111115
1111111111 1111111111, 111111111111111111111111111 1111111772 gerne
1111111 1111111111 11111113. &eiu Mercato di Malmantile 1111 1763
in 1111111111 gn 11111 1116111111 111111, 111 &amesia 111111
1111111111111111111111111111 1111111, 1111111 1111111111 stine 111
111111 11111) 15111111 111111111111, 1111 1111111 et 1111 mehr
1111111111 111 11111111 11 bahem iu 111 1111111111 11111111 mim
1111111111 11111111 1111111111.

1111 11111 1111111111111 111 1. 11111111 11 111111611111111111111111
meister 1111111111 1111, 111111111111111111111114 (1737-1866),
111 1111111 1111111 3111111, 111 1161111111111 11111111111111
11111161116111111111 111 (1111111111, mn 11 1111767111111
meista 1111, 111 111111ωεί111 111 811111111111111 1111111. Det
1111111111 11111111 1111111111 111 &amium 11111111 uni) 1111111111
nicht 1111111 11111 11111 1111111111, bei ciuem (111111 11111 1111
111111 11111, 111 hem 1111111111 11111111111111111 um 11 11111111
mmet 11111111, 111 tt 1111 11111111, 111 1111111111 seint 1111111611
1111111111. ,11111 meins* 11 mamus 11111111 11 nn 1111111111
(11111111 1777), „ist 81111111 hei 111 1111111111111111 ga
11111111-11.111111 111111 11111. 111 ist 111 tentet 11111111
1111 1111111111 11111 1111111111111111, 11 11111111111111111
16111111 111 1111) 111 111 11111 aud) 1111115.-(2111117781
,1111111111 1111111111 1111 1111111111) 111 Te deum laudamus
(111111 1111111111 augeam 1111) 11111111, 1111 11 111111111ῑί11, 111
11111111 1111111111. -111111 1111 nur 111 1111111 1111111), bet

² 5. umen. 21111111, 11111). 111111. 1 53. ³ 11111111, §Etim
6111111111 11111111 2. 111111, (Md). 111 1111111 1111111111 268. 111
1111 mit ssuflelli 111111 1111111, 11111111111111. 61111011117111111111774)
unu 1111111 (1776) 1111111 111111 1111111111. ⁴ 1611111111 911111, 111
1111111111 &fine 111 sm, 111111, &alaburg 1⁸08. 1611111, Eum (1111111111
3. m 111111 1916. 11611111, 31. 111. ,11111 1906. &ine 11111111 §eina
Ξκὲίὶῗῇῗξ 1111111146, 111111 Ἱ11111111111111111111 xw 2 (1.1, 1111111).

 

