ss

111111 1111111111 (24) 111 1111111111 (25) 673

1111, 111 11 111111 1111111111 111 111111111111111111 11 1111
111111 111111 1111111111111 11111 1111111 11111 111 11111) 111
1111111111111111 11111111 1111 1111111111) 1111111111111 1111111111
11111 1111111, 111 111 1111111111 1111111111, (11111 111111) 111
«ine 11111111 1111111 11111 111111 111 111111111111111 111 1111111111
1111 (1111111111 11111 111 11111 11111111 11111111111111. &o 111111
111 11111111111111111 111111 11111 11111, 11111111111111111111 1111
111 111 1111111111 1111111 111111 11 ς111111 111111) 1111 11111111
111111111111 11111111111111111111 {sm 1111111111 11111111 111
111111 111 11 111 11111 11111111111111111 11111111111 111111 111 1111
1111111 111 11111111 1111 11111 111111111111 11111111111111 111 111
1111111111 111111111111111111111 1111111111 1111111111 111 1111111111
111 1111111111 111 111 21111111 (22) m 111111 1111111111 111
θιώεῆετς 11 11111111 11111111 111111 1111 111111 111 1111111111 5111 11111
11 31111111 11111 11111 (1111111111, 0 mia vita] 111.

1111 111 111111111111111111111111, 111 111 111 111111111111111 11111
1111111111 1111111111 111, 111111 111111 11111 11111 11111111111111,
1111111111 11111 111 1111111111111 111 1111111111. 1711111111111
11111 11111 11111 1111111111111 6111111 1111111111111111111111
111111 11111111 1111111111. 111111 1311111111 11111111 111 1111111111,
111111111111111111 1111111111) 111 11 111) 1111111111111 11 111
[1111111111 1111111111 11111 11111 (25) 111 15111 1111111111111
(1311111111 11111111 111 1111 111111, 111 11 11, 111 11111 111 11111111
1111 111111111111 1111111111111111 111 11111111 111111111111111
1111112 11111111 111111111111Η ()17 111111111111111111111111111111
111 1111111111 111 1111111111 111111 1119111 111 111 1111111111111111
1111111)11111111111111111111111111111111111111 3111 1111111111
1111111111 1111 menn 1111) 1111 1111 1111111111 111111 1111111111,
11111 11111111 1111111 1111111111111 111 1111111111111111 1111111 11111
menig 1111111 1111111111111111111111 1111111111111111111111111111,
1111 mit 111111111111 1111111111 1111111111 (11111111 111111 111
perdet& la rimembranza). 111 1111 11111111 11111 11111 (1111111
1111111111 11111 1111 11111111111111111111111 11111, 111111 11111
1111111111 111 111111111111 111111111131111111111111111 111 nod>

¹ Θ. 1, ᾧ 117. ² Die 1111111111111 11111 11111 11 Quart, 11111 111
6111111111 mit 1111111 11111 1111111, 1111111111, 1111 111 111111 &unffi 11
1811111111 11111111 111 1111111111. 3 114120 111111 1111111111 1111111111111111
mit 11 111 11111111 111111 1111111111111 1111111111 (Θ. 816) bin.

mmm 11111111 11. 43

 

