ss

1111111111 11115 6161111611 1073

Q

6mbucci, 11115, 3111111, 1 57, 1 703 1111111, 31111111, Ι 768

ῖεπ15111111,2111111,01111111511111111111, 1233 2311111ῐί, 51. 11, 911111111111111, 1200

6111111111, Dichter] Π 759. 1 818

1111, 531111τί1, 8111111111, 1 231 11111111, 611111,,1111111, 1111611111 116

6111111, 111111119111111111 1112115111Π626 ,3515111114 1764, ber ‘Rhomenwtert

6111111, Δῖ1111111, 11111111 91115. 11111115, 183911. H 40. Π 106. >lembum 111
&angerius 1122. 1608. 1871111115, voca de] cmo 11 2631, 11 4811
111151 211111511111116392

ῖ11111111 1 0111111 Π 864 *Bm—151( cmm 1405

1111151111), 3⁰0« 61151111511151111111, 93111111,ζ11111111111,11443
1981 Quia 11ηῇ1111695 111 1111115, 1 54

1111111161111111111111181511111111,11111111’3111111119311111111 bei 91151111,
1111111, 1 10135, II 8111. H 4103 21111111111111111115 05011111511111112186.

ῖ111,319.511.(8111, 81111119111111111,1 u. 11 229, &stemmatis 11 2301
Π42. Π 410 &inmanem 1111111, &inguim 11637.

6111111151112311513111, 13 1 11 65911683

ἷ156151, ἷ11111111, Ι 122 1311111116, 11, H 44611 443³. 11 489

31111, 11151119, 31111111, 1311111111] 1111111131ηεί, 1111111111, 011111111111111111, opere
81111111, Π 633. Π 837 3³ serie Ι 232, opere huffe 1 40811,

61191111, 9311151, Π 893 12111111, 931111111511113, Ι 509

61111 519111611101111111 111111), 9111116, 11111111, 11111. 51, ’1116111111- 511 1111
Π439 1 (8111111 1111111111111111 11111111111115111111111

ἷ1111111111,3116111111630 1 91111 »Trois {ges de l'ope'rac, 1607

8111111131113111, 81511111ζῖ Ξ, 2111151, 1111611116, 1811111151111111 ber 1111515111 in
134 1 0111111, ’8111511515 2316111111716

3111111111, 3316111111115111111, 1 1020 11811111, 11111, 111111126111111111131111115

3111111118111111, (3151111, 1 363 111111, 1567, 111 9111111111, 11115 6111111111

1111111, 6,6.,116,1565 , 1572111816

ἰ1111,“741111111111111111191151111111, 1366, 1111111111 1 722
1368 4’111111111ιέ II 293, 11642, 11 761ῡ

{megs 9115111111115115111, 1 1020 3

81111111, 8.,01111111111111111111,1123, 55111116111111111, 1511111 0111111111, 113. 1 32.
1111112331, opere 5111114201. 146721 141, 181 ¹. &maten 183, &inimica

Tragedie lyrique 15416271, 1 1471, 11111111111111111 1 3901.

Ξ11111111,811111111111, 6111111151 0111111111, 1 1211111111, 9111111115, 1939. 1 940. 1 VH.
1801.11006.1115.11163 1 Π311.11314.11566

8161111111 Π 6421. 11611111, 3111111161, 11409

‘Krine' (01111, Π 447 ᾗ9131115111151111, 2111511111, 9151111Ε1111111,

8105111111, ,0111651165 in 111111, 117911 18111111τί11 9111111111, 1 985, 1 1013ῡ

{umus 6,.0111111111111, Π 407 1101111111 111 8111111111, grang (81111 1111,

ῗ11111111111151,51111111111111, 11 630 1 Π710,Π 855

31111511, 91111111, &ingen Π 7521 1111511, 91111111 0111111, 1115. 1515111111,

855111115111111911111116159819741.

ligurus 01111, 11 684 1978. 11 45

11111111113911111, 9111111111, 187411254, 1111511,111111111,(811111 1119311110511111,
Π 6171. Π 687 1 598, 1 722. I 974

11111111, 1191511611611111, Ι 366 001511, 6. 911. 1111, 11472. 11 5131

11111111111111111161111111110151111190 1611151111, 3,, 6111516111 ber ⁹3³6:

1111111111 1111 1111111111, 1874
waltarini 0111, 6111111οηί11, 11 448 151111,ξ11111111,6111111111117,11116111617,
2111111111, 11, 1 71 11 685

§.murts 2111111. IL 68

 

