Les petits tiens. 11777177 67717777 735
f-———-—

(111)297)717777117777 7771 1117771777 1771777717 777 3771717171
777 77 177 11777177 1171171777, 777171177 1717117777 11171777 17
17777177177717177771 1771771711777171777777 ς17777111 Cept
7,7)8 117777 717777717717777777177177 77117777 777171717 1717117771
1771 777 77 1777111771 711 17717717 1171717771, 77 177177 717 77
717771177177777711771.17717177171771777717717777771177
171177 71177 117717717177177 1171 1771177177 1177777777 1771 7177
771771177717717777777771777771777711771 77717777 7777717
117777 piano 777 1717 77 67111777717771177177 71771777 7771 1777 17777
171771771171117117711771777 7771 7117711771 77177711777771717
771771717717117717777771, 177777 17777 7177777717 177 117771777777
177177771171771777 177 7771771771 1177717717, 17771711717371 177
1177177. 17177 1711777 177117717717 77117717 771 177177717777 177
1777171777 7771 71771177771777771 771 177 711777 &tehen 7771 111717
7771777117 117117171177, 177 1777 spara 1777777 1171777777 7777777
7771771717, 717 11771777 177, 77117777 77 1771 7771 77717 1771 777
17717717177. Ὡ771711 177177 77771 777 77177 &affl 7117117777
77717 7177 7777177 7777777177 im 3717777771771, 7177 171 17771771
17717 117777717171717 1111717111 7777177117 771717, 171177 1771 177
-1777117717771 177 771777 ῧ7177 17 177 1171771177,1771]171777 17177
1771717171777177 177. 17 717 1771771177, 1717717777777177177177
77177 717177 177 1171717171 1171771717 1777771717177,17171777717
1777 77777 1777171777 17177 1777177. 117771 177 1171771771 717 7711
17717177171717, 177777 771 17771771, 77771 177 117117177177771177
17777 1771 77717 17 1117 17777777. 11777 177 177717 777 71177 151177
777 11711777 1711717, 17 17717 77177 177171771111 1777777 Θ77777717777,
17711771 1777777171 7771717177 77771, 7771 17777 7777 771177717777
77777117777171771 177 1117177. 117771 17777177171771 77 1111171777
1717771777 117711 717 7717117177771717 177177 (1717717 777117 1777777 177
117777717177 3117 177 177117117777717717777 1117114911

7 Β 1 253, ¹ 1177 71777 1771 7771 17177 11777177777177 771177177711771117777
7771777177, eine 1771777, 117 1777177 71171117. 11771777 177 77 1171777777177

 

