ss

616 1113111111 1111111 6111111111

111111 1111111111 (11111511 1116 1111) 1111111111111111111111
111111111111111111111111111111111111111111111111 11111 11 111
111 11111111111111111111111111 602 11..13 111111111111111
1111111111111111111111111 1111 1111 11111 571 111 61111 1111111
111 1111111111 11 1111111111

&Q
1111 1111111111 1111 1111111111 3111111 11111 11111 (1 :6 568 111111
586 5))11311111111111 1111111111111111111 111111111111111 311:
1111111111 111 1111111111 1111111111 1111111 (1111161 3).

&ebt 1111111 111 1111111111 1111111 111111111111 111 1111111111111
11111 1111111 11111111 11111 1111 Dpetnmet'fen 1111 6:⁵13 609 111
&garos 111111111111111 601 1111111111 Trionfo delle Donne 111
1 111. 587 111 1111111111 111 1111 111111111111111 111111 1111111
11111 111111 111111 11111 111 11111111 11111 111 01ss 111 1111 11111111
zfnf 11111111 111 1111111111111111 ἵςη 1111111 3111111111119 111111
11111 1111 111111111111111 11111111ῧ111111, 11111. 11. 111 Bataille
111111, 535), 111 11111 1111111111111111 11111 11111111 1111 11111111
1111 &omma 111 gum Θ11111 1111 einen 1111111111 alla turca
brings. zie ›Filles 11111ςί11311111116111111 11111111111111
1111111111 1111111111. 1111111 1111111 11111111 111 11111, 600 5
111111111111111111(111111111111111111 11111511 605 31111
1111111111 11111 1111 1111119111111111 &meilen 1111111111 511111111
1111111Ε1111111111111111111111111111111 111111111111111111
1111111111 11111 11111 111111 11111111, 1111 1111111111 111 111 1111111111
1111111111 11111111, 11111 un 11111111111111111, 11111111111111111
11111111 1111. 111 (1111111111 111111 111 11111 111 1111111111
61111111111111 111 11111 1111111111 1111111 11111111111111 111111
in 11111 111111111111 15111111111111111111 111 1111111111 (elarini)
111 11111111 11111 1111111 11111 111 11111111 aud) 1111111111111111
1111111111 1111 1111111111 mie 1. 11. 1111111111(1111186151
1111). ῒςηι 111111111111111111111111611111 1111111111 1111111111
1111111111 111 1111 11 11111 1111111111, menn 1111 1111111111 11111· 11
1111111111 11111111111111 1111111, 11111111 111 1111111111111111.

¹ 7911 11 111 111111 1311111111 11111111 1111111111 3111111111111 111

111111 (11111 111 111111 111 111111. ¹ umet 1111111111 ‘mmm 11 1111
tint „⁵11n1ein1ng 1111111111111 1111611111 mit 1111111111111 1111111116111

 

