ἒξ

55555555

5955 444444 4144144444444

44 444 444 444444 55555555515555‘555551 ιιίιιιιιιι 444 414444

4444444 555 44444444 4444444 44444444 414444 3444444444 444
4444444 44444 ιίιι. 44 444 555 444 444444 1782-1796 4444444 444
494444 444444 5555 4444444444 414 44 555 4444 ιιι 444 444444 5325
4441444444 444444 ιι 4441 444 4414444444 4444414· 555555555552 4444 444 444444
4444444 5555555'52 4444444444 44 25541-:5 41464111 11-13)
555 44 [44444 4441444 1782 ιιι 44444 [ιι 444 44 44 4444 444 55515555551583
444 5555555555' 5055 55555555535553 ιι 444144 5555 28. 44444444 1782444
44444434

'255 44444444 4144 eben 444 4414414144 44444144 444 5d5met 444 44
14444,4144 4444 555515555'51555555555515 515 414 55, ιιι 555555555515550515 ἱιι 555
25555535155555555 44 444 44 144444 44414 444444 41144 4444444444

441444- 4441444444 5555 5555555155555 444ιί4 444ιὶ4444 4444 4444 ιιι 4444
44 444444, marum

4444444444444444 4444 459, 53 XVI 119) 55555555555 44411. 44
4444441784 4444414444 444 44444 555 ³: 444 4444 44441. 451
48855 4444 6444444, 414 ιι 555555515 4444 555 4444 414444 355551
44444444 444 444444 4444444 555154 5555 1444 5 555 555555 {5555 4444 54³
(55.- 255. 503, 44. XVI 5525 )44444444 5555 4. 44444444 1786 ,55555
-—-—————————--l

ι 1 101155 25 1444141444 444444 444 55555555555 44444 4*
44444ιὸ44 4444441444. 56-61). 444444444444[44444444441914141482
555 555 444 44414ιὲ44444 444444144444ι441444411444444.44386441444ιί4πῦ
515 2555 444444 414 555 4444444444 4443. 1555515 44444 neu 55505‘5‘5‘*
(MR 382), 4..1390 ³515 112025. 11111.1290 51555 55555555555555

44444144111444441444 444 44 444444 44 ’[4. ffiw 535 4444444444 44444414, 555555554‘¹
ιιιίιιιιιιιι 44444 414444 41ιί4144444 414,,444444441444ειι’ 4444414444 4444 4444

ὅ. 4³15

 

