296 717777777.ξ”771177777777177717773711711717171177

11777 777 717717771777777 1171 777 717171171777777777717171777.
- - 177777 77177 fid> 17 7771777371777 717 7771771777 77 ,7717
[aufem 7777 7771711777, ba 77 177 77 711777717111117177777117177
7777777, fo 7717 er 71777 7717711. 117717 777177777777771777ῧ777
197777 7777 7171777 gegeben 177177 ; 7117117777 {ponet 17 71777777 7171717
77 7571117777 (71179777 17787 ,177 ist 777177, 7171977717 11117177
117173 ste 17771177 1777777 1717777771 gar 51¹ 1777 7777777177 777177
7777 menig i 71 - mid) 77777777, 777 ste 77771) 1777777771977 (11717717,
7171717777, 7771777777 17177777717117777 771777, 7777117177 7171771177
&imme 717171 17177 tanga 77717777 177111 &a 7777177 77717777
[7777171 7177 ft& 717 1177 §cine 1117777 einen 77177777 71777717 mit 7171777
177717 um 17 77771777 7777771171 777771717117777771777777717777
117177 7777177777 71717 7717777. „Qu 77771717 171 1771711777 77117777
7771171777 tehen 17177711 17777117 77 (8. thbet 1777), uba 7777777
fic 9777ἰῇ fugent questo ὲ un vero Tedesco!‘¹ ³ 7177777 7771771177
7171777777 777711771177777171777, 7717 sie 17117177771771771171117717177
7771171777, 7711717177 7171177 77177177 buben auf 71777 77777171ρεῦ7
7717117777 7111717771 1277777 1777717117 stifft 717 1177771171717777
77771177. 37777 7771777 7. 71177771] 7177711717197777 1787 71779771
Andromeda e Perseo 1777771777 batte! 3¹1 einer 777777177711717
77 1717177717] 777 7177171777 1177 bie 7777177777 17177 7717 1717 71777
ι11777711177777 77777777. 11777 717 37117777117777171 gur 37177, 717
,77777 1777 7717777177 177177, 17777 77 hem 67177 777777777711717 unt
77771771117777 [ic 7771717117) 17177171 {hm aum„ 777 777 &ahimai
ibm 717 71777 7777177] bei zafel 311 17777, 77 177777 717177 77717711,
777 777 117777 [o 717777 gu 7777777 17777777 777 77 171177 7711711
73177 71777 717 7777777777 7717177, 777 11777 717 7717177777 -
6 1177777177 habe 7777717177 171777 (30. &member 777 6. θ117111
1777)1. 11777 menn 77 ihm 17717 „syn ,177777 17 ein 7117777777
bu 17177 7177717777 in 777 mmm 717177 7177777777 7717111 (21617
77771777 17787, 17 bat 771717717777777777111 im &nna 777 111111
77177177 sul> 7117117777 77 7717777 &nmium 77. 7177 anien 7171 w
111171 tt fid) (41177777 1783) ,7771171777 ‘papia 1177 cingam*

7777 7777777717 non 7177117 7777 7777717177 (71771777 777 1711711

1 7 w 777. 77777 7, masma> 7777 e.r.2i1·.ssmn3.1357. 67111111
7777 7777777 febr fleffssffg. 2 7 1244. 7 77 1112881. 77717777 1111
77771.1ἔᾰ>771777 71111337 „freden 777 71777 mie 7717777771, 1111 ΜΒ ‘¹‘
67777177 1717771771. 1 71712701, 207, ⁵ 7117105.

 

