1111111111 111 17112 33
Ἣ

in 111 1111111111 111 &dae 1111111111111 111111111111 11111 11111111
1111111 ist 11113111 1111111111111 11111111 1111111111) 1. 1111 111111,-
1111111111111111111 1111111111111 111 1111 in 1111111111111111 111111
1111 111 1111 11111111 111 1111111111 111111 111 11111 1111111 1. 11111111
eine „mene &amulung 1111111111 1111111 11111. 11111 111 fid) 111 111
11111 1111111111 ‘zita 1752 in 1111111111 1111111111 (1111111111) 111

111111 1111111111ηῇ 11111111111111111111111 1111111111 111
ihm 11111111 mit 11111 11111111111111111121111111 11111111111111111111
1111111111. 1111111111111111111 111 11 111111111111111111111111 «[ῧ11111ι
1111 1111111111111 111 1111111111 11111 111 311111111111111 111111]
111 1111 111 1111 111111 11111 (11111 17371 1739 111 1741) 1111113;
111111111111111, 111 1111111111 11111 111111111ἰὶ1 1111111111 11111111 111
1111111111 1111111111 111 (11111 1111. 11111111111111 11111111 11111. 1111
1111 111 (511111 111111 (Nn—1787) 111 11111. 1111111111 1111111111
11696-1765) iu 111113 11111111 111 81 1111111111 11 1111111111 1111
111111, 11111 11111111111111111 111 [[111111111111] 1. b, 111 1111111111
111111111111111111 1111111 111 (1111 111111111111111111 1111111111 Qut:
11111 1111111 1111 1. 11111111 1111 111 1111111111111111111 1111111111 111
11111 1111111111 1111111 hurd) 111 11111111 1311111111 111 {eine
,61111111 111111 11 111 11111111 (1736-1715) 111 1111111111 im 1111111111
11111 1111111111 mam 1111) 1111 11111 1111111111 1111111111111] 111 Bu:
11111111111111 111111111111111111111111111111111 1111111111 1111111, 111
11111 1111111111111111111111 11191111111111, 111111 1111 1111111 11111111
1111111.

1111 in 11111111 111111 11111 11111111 1111111111 111 111 if) 11111111
1111111111. 1111 111111111111111111111111111111.11111111111681-17671,
meist 11111 1111111 11111111111111 11111111 111 11111111 11 11111111114
111 111111111111115] 11. 111111) 111 111 111111111111111 111 111111 1111111111
1111111111 111 ,11111111 1111111. 1111111111 mi einer 1111111111 „Qum
11117( 111 1111111111 1111111111 11111111 mit 1111 1111111111 11111 111111
11111113, 1111111 111· 11111 111. 111. ,11111 mit 11111 1111111119 111111
11111 11111 1111111111 1111111. 111111 ¹¹ 111 11111111111110. 1111111111
11 11111111) 11111111 111 111 1111111111 1111111111111111 111111 111 1111
111111 1111111111] 1111 111 &H 111111 111 11111111 11 1111111111 111
111 1111111. 1111111111 11111 1111 111 111 911111 1111111111 111111. &n
11111111 1111111111111 1113111111 711 111 &pereum &ingennu- 111111

¹ 1111 11123. &uite 11111 nod) 111 11111 11111111 11111 ’1111111111- &numme-
6111111111- 111111111- 111111 111 1111 1111111 1111 11111111111111111111111111,
111111 111111 1111111111 in 11111 111111 111 1311111111. 2 111. 18,1 111 1511111111
311111 11111111. 11111. 111. 1111111111 111 11111111 111 1111131111.
Ι 1902] Θ. XLI 111 ,1. 1111111111 1111111111 111 111111 11111111 111111 Ι 1911,
15. 2041. 1 &c 11111111 1111111111118111 sois sept et 11 mannen. ,11111
1111111728, 5111111111113101111111111111, 311111111εεί(11111173111111111.
111. 1, 11311 111111 in 1111111111111 ›Camloguc 1111111111»- 11101,
111121. 1111111. 111111, 111-,11 1.

11111111111111111, 1 'al

 

