3117111771117 7111777777
Γ--ῤ
flingen 717171 1777 7771. 71 1777 not„ 777 ,7117717 in einer 1717 177·
7171117777, 11717771 17 177 77771777 117 moes 1111177117 177 17117777
1171111177771111777177 17 177 7177177 77177711117777 7177 bie 7177
&111an 7771771177 77777171 ¹. Die 11777117717777 1777 gut 7177,
777777 117777 ῧ171177177 7177 1571777777 777 7117777 71777 7177177 717
ῡ17777177177117717771117777 1717777777 7177 117171171177771177 771
1717711711,17111177711117717771,17777171111177717711177 .
&ie 7777177 7717 711777711 in 17717177771177771771177777717777717
777711772 77771 1771777 1717771771 1177777771711771171 gu be:
77777773. 11717 1177177, 177, mie 171 1171777171 nnn fsob. &tamiss
77771 177 7777771117 117717 17171] 1117717777 1117771177 7777 77717 17711717
17717 31¹ 171777117777771777177. 11177 77717 7177 717717 7171717177177
1771171177 1777777 77717 777 111177. Det 11171717771771177777
7711717117) (1684-1740) 7777717 1711777771 71777 &thala 177777 7717177
117717 111171771177111777777.1777777 7771 ἴς. 37717, 71777 7771) Qut:
7171 771 (111771 77777713 D. 37177717 7117 717 177 77717 7177177177 177
77711771111777177177711117171777 17177377777777171777711. 117117 butten
11717771 7771) 777177 7177 77177177 7777311777 7717 1771171177177377
7177771. &ine 7171777717 1771177177177 aper„ 1777771771 7177 117 opera buffa,
77171711 11777 1764 177771) 7177717111] 177 mit 7717771777777 1765 77717
in Qtessben 7717117 7771 111 um 17177177 1777 17117Θ1111777177 er:
7717771717 7771717777 77777717 77177 ihm 7717177 11777177 17 ς11777
7177 171 1777777177 1517777715. 1177711111717771777 77717117177717
71771171] 177 7771177 7771) 17 1717717 7711777771 171 &ammeta 977777
7777117717 1711777 1777 77 7777771177 1171711717 1177771777 7771 7711
1783 177777711711177111777777717 117 11711771771771777 717. 1177
7717. 11777. 1177717777 771717ῶ77117717 batte 77 7777777117711717
genten, 7771 7771) 777771 7717117 71 17 71777 7717171 77 77177771777177
1117771777, 7117 711. 1777 177711771777 777 1771177717711177117777 gu
1711717 7171177177), tinem 1771771177 von 1111777711 1117777
1177777, 11177771 1717777777] 71177777 1117771771. 511ae 71177771

1711777 1171117177 17171777 177 377177777777777711717177777 111 171 11137177
1777177717177177, 771. 52. 111777 33. 111777 1717717 1916, εἰ 47. 2 3111 3717177771)
77177177 712 ,31771811777777777777 1777777 717177 71777 117117777 7771717777, 711
bis 7171717171117777 7711777777 1717777 17777777, 11177717777777777717 171777
7771777717717711777717117771777 1777 77 7117771 17771771, menn 77 711 1177771717ῄὶ9
7777771777 7777177 77111771 ³ 1171. 1177777777, 671171117777177 (17771717), 6177.
171710761777117 WB& II 133 77, ⁶ 1171117717, 1117761117171717177777
11777771, 2 1117, 11777 1883-85.

 

