99 me 1111111111

111 111111111111 9111111111 1111111111, 1111111 1111 3011111751111111, 111
11111 1111 &obn 9111111111 s 11111111 1111 27. ’11111111 1756 1111111, 511,
ῑ11111 9111111 1111 1111 19911111111111111111111 1111911111 11111111] 111 111
11111111 11111 1111 111111 1111111111131111111111111911111111 1111111111

ῖ1111111111 111 11111111.

1111111111 1111111111 11 1111111111111111111111111911111 11111 11
911111 111111 11111 111 ’1111 1111111111111 1111111111 11111111. 2111 1111111111
1111 1111 111111 1111111111111 1111111111 1111111 11111111111111111 11111111 11111
111111 1111 11111111 11111 11111111 11111 1111 [ange 111111111131111111111ηι
11111111 1111 ,91111111 1111111111111 111 11 111111111111111111111111111 11111
11111111 111111111111111111 1111111111, 11111 111111111111111111111111ῦ1111111
1191111111 11111111 1111 11111, 11111111111111111. 11111111111111111111111
1111111 11111 111 91111 111111111111111111111111111111111119111111111
1111 1111111 &these 1111 11111 „mu->ier 11 11111111 111 1111111 3111 11111111
11 111 11111 111 111111111111111111116111111111 11111 mit 11111 1111111111 11111
11111111. 11111 1111111111 111 111111111111111ἕ111111111111111 1111 1111111111
imbre 1111111111111 11 1111111 ’61111111 111 11 11111111 111111 1111111111
11111 11111 11111111 111 11111111 1111111111 11119.

Dic 1111111111 9111111111 111191111111111111111111111 111 1111 11111
11111111111111111111 1111111· (1111111 1111111111 1111111111 111 11111111 1111111,
1111 111. 911111. ’ἐ111111111111 1111 1151111111111111111 111Ε111111111
(9111111151 1111 111111 91111111 β1111 111 111111 ’1111111111 1111111.
&hasmet 1111 111 1111 ’3111111111 111 1111111111 111 111 ’13111111 qe:
11111111 111111111111111 1111111 1111111 1111111111111111111111 1111111111111111
111111111111111111111 11111111 11³ 11111111111111 1111111111111111111131111
11111 1111 „Zet 1111 9111111111 111 111111911111111111” 111 1111111111111111111
111 1111111 1111. 91111111111111 1111 1111111111 (1111111111 11111111 1111111
111111 111111 vicl„ 11 11111111 1111111111111111 1111111 11111111111191111111
in„ 11 11111111 111111 11111 11111111 1111111. 9111 11111111 11111111111111
111111 11111 1111111111 1111111 111111 1111111 1911111111 mit 111111 11111111 111
Ι1111111111 1111111 11111 1911111111 f 1111111111111. 1111 1111111 1111 11111111

'sheophilus (Q'mtrlicb 1111111111

111 1111111111 91111111111111111111 111

11111111 1111 1111111 1111111111 werre 11111 11111111
³³ 11111111 1111111 11 11111

⁶ . 11 11 9111111111111111111111111 ,, ,
11111111111111.1.1.9,1Ξ,.411“ 1111911111111111111111111111(91111111 1111Ῑώ ,111111-

 

