1111 Bur Fmta giardimera
-ξ--Ἣ
111111 11111 111111 111 111 11111111111111 11111111111111111111111
6111111111111111111 (11111111 C XIII. 1). 1111 gange 1111111 1111111
9111111111111 111111 111111111· 11 1111Ι 3111 111 111 111 1111111111
1111111111 1111111111 3111111111111, 11111 111111111119111111111111111
1111111 111111 111 11111111 11111 111111 1111 111119111111111111111
1111111 111111, II· 1111 111111111111 1ῧ111111111 (1111199101,
ὃ. VIII. 27-291 ,11111 &erenum (θ111111111111, 11111. 203, 2111,
Ε. IX. 5s 21) 1111 111 11111111 1111 311111 111 11111(1.ε11.191,
&XII ms 111111 11111 1111111 ς111111 »a Salisburgo 114 di GI'ugno
1771ι1 (1111111 11111111 1111

&a 1111111111 1111111111· 1773 111 111 111111111111111
111 1111111111 ῧ113111111 1111111112. 1111 111 ι11111111 17751111
11111111 ’11111111 111 11111111] 1111 1111111111 1111 1111111111911111
1111111111. 111111111111111 111111 111 1111111111 11111111111111111111
111] (Irni ἵς11111111 1111 31111, 111 111111 1111111 1111111111, 111
11111 1111111111111111111 111· 1111111111 11111111111111 11 1111111111
1111111111, 11111 1111111111. IIII) 1111111111111111111111111111.1111
11 1111111 11 1111111111 3111111 11111111 1111 1111111111111111111111
111111 11111 1111111111 111 11111119 11111111111111111, 1111111111 1111
1111111 ,11 1111111111. 1111111111 111111 111 111111111111 1111ς
1111111111 111111] 111111 1111111 ’6111111 1111111111, et 1111111111
11111 111111111111111 1111 11111111 1111111111) 111 1111111, 1111111111
111111 11111111 11111111] (1111111115 11111111) 1111111111, et 1111 1111111
1111111111111111 111111 11 11111111111111(11111111111111111. IIII)
11111 &mestas 111 1111111111 1111111111 111 &amns 1111111
11111111 1111111111] 11111111 111 9111111111 Ernelinda Talea, past&
reIla Areada, 111 fid) 11111111 gum ffiesud) 111 1111111111 1111111111

1111Ε1111111 11111111111111111 111111 9111111111 111111111111111111111
Ἤ

¹ 1111111111. 11111. 11111. 2 11111111 1111111111 in 11111111 11111ὠέ911111
11111 1777 (111. 1111111111] 511111111111111111111111111111 15, 12), 11111 1111111
ί,1111111 111 111 1111111111 1111111111 111 111111 1111111 1111111111111111111
111 1111111111 11111111 11111, 11 11111 11111111 11 111111, 11111111111111111111111
1111 (1111111111 DII& 5¹1 1111111. Da 11 11111) 1773 111 111111 91111111 111111 ⁸¹¹⁵(
111111 1774 11111 11111111111111111, 1111) 11111) 1111 11111111 11 11111 bod) Imflf‘fflm
11 111111 (111111) 1771 1111111111 11111111. 9111111111 111111 11111111 1111 111111 11111111
1111111111111 11111111 11 11111 sid> 111 1111111111 111 5111 111111 11111111Πῐ11θω*
[11111111] ³ 11111111 1111111 1111111111 walpurga Ὦ1111111 1817, 3111111111
*111111 1111111111 1111 111111111111111 1111 21111111111111111111, 1115133611, ‘m ΜΝ
Imm} 1879. 1111111111 N XX, Θ. VII.

 

