111131111111111
1111111111 11. 1111111111 111 1111 ἷ1111111111111111111, 111 11111111
1111 1111, 1111111 111111111111111111111,11111111111111111111111111
1111111111 11111111 111 1111 111111 Dua 1111 11111 1111 111 1111 11111111
111111111111111111111111111111111 1111111111111111111111111
111111 1111111 11 1111111111111111 111 1111111111 θ11 11111 stud)
11131111111111 1111111111 111 11111111 1111111111] 111 11111111111111111
111 1111 11111 1111111111, 111 111111 1111 1111 111111111111111
111111111111111111111 1111111611111111 1116111111 111111 11 111
111. 111111111111111111 111 1111111111 311111 11 111 11111111 1111111
11111111 11111111 111111111111111111111111111111111111 11111111 111
1111 11111111111111 111111, 1111111 1111111 111 1111111111 1111111111
11111111, 111 111111 111111 111111 111 111111111Ε1111111111111111111.
1111111111 111111 111111 1111111111 1111111111111111111111111111111
11111111 1111 1111111111111111111111111111111111. 1111111111 111
1111 11111111 1111111111 1111111111 1111 111111111111 mit 11111111
1111111111 111111111111. 11111 11111111111111 1111111111111111111111
111 11111111, 11111 111111 1111 1111111111 11111 1111 111111111111
(1111111111111111 11111111 111 1111111111 1111111111111,11111111111111
1111 1111 1111 111 1111111111 11111 1111111111] 11111111 1111111111

1111111111111111111111111111111111111111111111111111111111111

G* ³ C 11111 1111 1111111 111 111111 11111111 111111 111115

’1111 11111 1111 1111 1111111111 1111111 1111111111 11111 (1111 1111111111,
1111 111111111111 1111 1111111161111, 11111111111111111111. 11111111
11111111 111111 1111111111 111 1111111111 ς111111 vamina 1111111111
11111111 111 1111111111111 11111111 111 11111 11111111 1111111111 11111.
ἳ11 1111 11111111 1111111111 111111 11 1111 11111 11111111
1111111111 11111111 1111 111111111, 1111 11111111 11 111111 11111
11111111 11 1111111111. &chon 111 111111111111 811111111111 111
11111 111111] 111 11111111 11111111111111 111 11111111 111 11111111 (5)
11111111] 111111 11111111, 111 11111111111 111111111111111111111
--,--.-..-.--.-.-

¹ Der 11111111 1511111 1111 111111 1111111111, 1ῦαῦ 111111111ῐί1 111111
11111 11111111 111 11111111 111111,,111111111,1111111111”) 11, 111111 1111111111
111 111 ,111111111111111 gs-dW 1111 1111 11111111111111 111111, 111 111111111111111
1111 1111111111 11111, 111 1111111111 1111111111 111111 111111 111 191111λ 1111
1111111111 1111 111 1111111 1111111111, ⁴ 111 1111111111111 11111111111(,11“111
111111 111 11111111111111111) 111 ein 1111111111 1111111111111111. 111111 1111111
1111 111 1111 1111111111 1111111111 1111111111 ὒ111111111111111ι11. t· 11111. 111
1111111111 111 1111111111) 111 1111611111 11111111 111111111114). ⁰ 11θᾶ

 

