6666666666 666 6116666666. 616 666 173

(1616 666 11.- 66666661 66666666) 666 Dei Filarmonici, 66 616615
666 §atratis 666 1666] 1666116661. 666611666666611666666
666 gu 6116666 3666 im 666666 6166666 ste 666166 66 behem
66666 6616666666 666 6666161116 gu ben 6666 666 66166 66
6666 eine 66666 61666666666666 666 36666 1166666661 666.
66666 6661666666 mut eine 66 666666, ciuem 6116616 66666661
66666666 6666.

36 ben 6116616666 66 6616616666 616616666666 mat 6666
666 6666 66 6666 611666 &ie 66116666 mie 666 616 6616661
66666616661666, mit 166 66166 66 66 6161666 6666 616661
616 66 61666 6166666 66666 66 616116. 61666 66 opera buffa
6616 66 gut 3611 666 61166616 6161666 661666666616666 66666
66 61666 &menet etffimpft„ 666 mit 661166 61661 6616166 66
66166616 166 666 66666666666616616 1666 9361166666. 61666
6666666666 (scrittura) 6 666166 mur 66666 666 66166 361 eines
6666666666 6116666 66 66 666116 666 ber 1366 616666 6661666,
66 66 661666 61666 6666 666666 666 6611611161] maten 61666
1166666666. 61166 66 9666666616 66616666, 66 6666 661, 6666
66 6661166 61666 6666666666 gut 6661166 666616 6 mur
(6666666161666 6166 in 666 &unes 666 mit 66 61666 66166
166666 6166 66 1166161666 6666661666 66666 666666. &lut
66666616ωᾶ66 menige 6666666 9666 666 66 6666666666 666666
6666666666 6666666 661616. 6666666116) ubet 66 66 666
6666166666 666666 666 616 6166111666 616 616 6611666616 neue
11666 ³¹1 6666 661666. 616 11666666 auf 666116 66666666 Qut:
6666 gab 66 616 6666 fat 66 66666666 6666666666 6661,
ste 61666 6616666 gu 666 6666166666 66666666, 66 666 6616
666666 6666666666 666661.

Das 11666666 6616666616 6116661666 nuth 61666 1666666
16 66. 3666 6666 gu 6116666 3666 6661666 6666 66616666
6666666 66 6661, 616 66 666666 wege 66 &pet 66 6666 Qut:
16611666 66666666616166661 66 6666 66616666 666 666666 bem
66166666 ber 1161661666 611661 gum 51616666616 66666 6666

,η geiste 66 66 6666666661166661116 in 66 16661666 611661. Du
66 66166 6666166666166 666666 66 66 nimae 6666666 666 in
1666666166 66666116 mit 6666666666 666 66666161616166666
6166666 66166 6 66166616 616666, 666 66 6666666611,
616166 aud) 66 6666666661 66116 666 166 16166 666 6616661

 

