984 1111111111,111111ε 111 11111111
a&

111) 111 uod) 1111, mit 11111 11111 111) 11111, 111 1111111 2411111111( 111
1111 102 fl. 111 2411. — mit 1111111 11111111 11111111 11111 1111
(11111 111 11111, 11111111 11 11111 1111111111) 111111 1111111111. 1111111
menn 111 11111 111111, 11 111111 mir 111111 11111111 1111111111. Sd)
1111 11111111 111 31111 1111111111 11111111111111, 111 1111 11113111
eine ’1111111111 geben, 111 1111111111 11111111 1111111, &athen 1116111111
1111 1111111111, 11 1111111111 111111 111111111111111111( 111111111 11111
man 11111 in 111111 11111 111111 111111 111111 111. 611111ῢ11111 1111111111
id) mir 1111 111 111111111111111 1111 nicht 112111111111111111 11 be:
1111111111. mod) 11111 11 1111111111, 11 11111 1111111111111111) 1111111
11111 111 11111 1111, 111 1111111 11111 1111111 111111, 2111111111111
111111 1111111111( 1111111 es 1111 immet 111111 geben. 1111111111) 1111
11111 11111 11111 1111111 1111, 111 111111111111111111111, 1111111 111111
1111111111 1111111111, Sd) 1111 111 111111 11111111 11111111.

11111 111111 111111 1111111111 1111111111 111111 1111111111111. 21111
11111 111 1111 11111111111111111112111111111 11111111, 1111111111-
1111111111,111131111111111111111111111 111111. 111 111111, 111 11

111111 21111111 1782 11 1111111111 1111111111 1111111111111111
1111111111 11111111111111

1111111, 1111 1111111111 71111111 2111111 1111111 ἒί1111111111111111
11111 11111111 111 id> 311111 11111 11111 &a 1111 1111111 6111111111
11111 nicht 111111, 111 id) 111111 1111115111 1111111 1111 1111111611111111
- 1111111111111111111111 11111111 1111 - 1111161111 11111 111111
111111 11111 1111111, 11 111111 1111111111 1111111111111 1111111Θί1,
111111 1111111111, 11111111] 1111 id) 11 111 111111 11111111 111. 11111-
11111 &e 11111 1111611 11111 gu 1111 111111 11111. &ie [11111 mir
(1111111111 1111 1111111 111111) 11111111 1111111111111111111111
1111 111 (11111111 111111, 1111 &ie mit 1111 nidus 11111 11 1111 11111
11111111. [3th 1111 11 nicht 11 111111111ιὶ11 1111131111, 111 1111111111
(1111111111 11 1111111111, 111 111111 11 111111, 11111111111111111111111
111 11111 1111111111. 31 1111111 &britte 11111 id) 61111 11111, Sd)
bitte &ie 1111 1111 1111111, 111 11111111 111111 111111 1111111111 11111 11
1111111111111 flu 11111111, 11111111 1111, 1111111 mid> 111111111111111111,
111 &ie 11 1111111111 1111111111 111111, 31111 &mestum NB. 11
111111111111111111 11 11111, 111 &ie 11111111111111111111 [11111111
111111 1111111 1111111. 111 1111 1111111111111111111 11111111 1111111
1111 ‘vie 1111111111 in 11111111111111111111111111 1111111 111. Dabo)
1111 man 1111 11111 1111111111 111111111111 11 11 111111 1111111111

1 18 11 166 fv 2 19111 1111111 1111111111 1111111111 11119111 &tim Wfinbffl
11111 111 1111 111 1111111 &tren 111 11111111111111111111111111 1111111111
11111111 1111111111 1111111111 111111 111 ‘mogun 1111 unit 1111111111 ‘sf‘flffl
11 11 111 111 111111 111111111111111,

 

