ss

801 Die 1111111111 1111 *311111111111111111 111111 31111

1111111), 1111 1111 &auct 111 1111111111 11111111 -11111 111 111111
1111111111 &tellau 111111 1111111.

&o 11111111) siff) 111 111111 11111111 {omit 11111) 111 11111111111111
11111111111111111 ber 1111111111 &finge 11111, fo 1111111111 &tenung
gu 1111111ΐ111ῆ1 1111) 11111 111111111111111111111. &a ist 11111)
1111 &aba 11111111, 111111 111 1111111111 5111111111 harmoni! 11111
1111111111111) 111 111 111111 111111 1111111] 11111111 111 11111 1111111
stelit„ 111 111 1111111ῖᾶ1311 111111171111111 1111111111 ben Dienst 111
9111111111, 11111111 111 1111111 111ὓ1111111111 1111 1111111111»
1111111171 [fit 111111 ῧ111111111111111111111111111111111111111 1111111.
&ben 1111111111111111111 111 111111111111111111111 1111111111111 111111
meite 111 1111111111 11111 1111111111 6111111111 111 11111111 1711111.

&tinem 1111511 ῧ111 1111) 111111 aad> 111 Regina coeli 11
&bur (11111. 276, ἔ. ΠΙ. 12) 1111113111 91111113 11111111111111
urbeituug 111 11111111 111 111 11111111 1111111 111 6111 11111111
111111 1111. (11 ist 111 11111111ἔ1β non frfiftigems 1111111111 1131111),
111 111 1111111111 111111) 111· 111111, 1111111111 Ora pro nobis 1111)
1111111111 11111. {nb 111 1ῆ11111 111 1111111111 1111 1111111111
1111111111 &utorium 11111111 &aprunam ''Rommet 111 ibt 11111111
Ε1111111 (11111, 146, Ε. VI. 10) 1111111111 in 1113111 1780 gc:
1111211111 11111 1111111 11111111. 11 ist 11111 11111111111Ε11111)
1111 1711111111) hocf] 111111 11 1111111111111111111111) tufi 1111111111 nicht
111 1772 3111111111 111113, 91111111 1111111111 1111111111 1111111111
1111111111) 111111111111 111111111111 (1111343, ὃ. ΙΙΙ. 16) 1111111
1111111111) 1111) 11 11111111 61111111113111 1111111111. 1111111
811111111111 111111. 328) 3291336( θ, XXIII. 13-15), 111
111111) 11111 ’1111111111111111 1111111111 11 11131111) 111111 111 ber 111
1111 1111 1111111111 11111111 1111, 111111 111ῧ1111111 1111111131
1111111111 111111111111111111329 111 1111111111 uod) 11111 &figens
91111) υ911111,ῖ1111111111)1111111111 1111111. 1111 ist 11 11111. 336
111 11111113 1111111111. Ώ11117111ἕ11) 1111111111) 111 1111111
117111· 11111111111111 im 11111111 s 111111 111 11111 1111111111 11111) 11
111111 91111 111 ῧ11111111111111 1111111 11111111111111111111
tritu 11111 111 11111 111111) 11111 11111111. 1111111119 111
matinga 11)), mie 1151111329, 1111111 11111 111111111111111111

¹ 11111111, 2 1153111011. ³ 11 ned) ‘Jahn 1¹ 68,

 

