ψ

1076 ‘lIutotenregister

w

66 6666 6 3312. 66 3931. 66 363 6 6119136m111.1111366 62666,
111161. 11 418³. 66 6221. 66 424 6 666666666666666. 66 666, 66 6666.
66 6266. 666266, 111311·2·³. 66 4461. 66 4266. 66 696 6, 66 6311, 11 3072.
111602. 66 636 2. 66 662 2. 66 681⁵. 66 6461, 66 8471. 113661. 666961,
11 6851 11 8311. 11 833 ³. 118311

666666. 366 61, 6 666, 6 666666 66666666, 66. 6 246 6, 6 3662. 1 6666

66666, 6 66. 6 1312. 66666, 66666, 6 8111. 66 3636, 66 4161
11661. 66666, 6 1661. 1 2616 6 2666. 66666666 6661, 1732. 15111. 11 1661
6 2621, 62622, 13671.13642.15692.

13632. 1 6161. 6 6916 13302. 66661, 6666 6.. 1 132

110633 66 6666. 66 4266, 66 66626615. 61611331

11 6681, ss 6966, 66 6971 11 8562, 1 6666666161 111 11438111 4331. 114435.
66 6626. 66 6666 1 66 4462 666666

666, 6., 6 2231. 6 2626. 1103³.11671·³.÷ 611111 1 641111
6 163 6, 6 6666, 6 6666, 66 662 61. 1 61616 316 1 7511 219³
H 1631 16611666. 11.. 11 691. ΙΙ 735

8666616666 Ι 6331 {gemb 3)· Q* Π 1053317 Π 1⁰9¹·

2666 1,, 1 181ss 1 111105. 111313610. 664666, 666666

61111111ῑὲ11 1 5391 6666 6 1911. 6 6666, 6 6111. 6 66666,

’6666666666 6 16161. 6 6661. ,11117
1 5942 6666, 3. 66 6662. 66 3311

ngm 1 120 3, 1 3126 &Urba 381 Ι 1463. 11471.IX1.112312.

6666 6„ 6 1661 1158111

Μ 1 3233· 11 926 {511661136 Q„ 1611. 1601

6666666666 6116611111 1 Ι

&stimuum 11 1046. &Immo [131³. 11321. Ι 2192, 16832.

66666666666666666666666662666 618³. 1111111 Π 3594· H 43⁶³·
66666. 6 6236662616 6626666661. Π 141 2· Π 64313 Π 5⁶4²· Π 734 ¹·
1664. 66666, 66666. 66661. 6 6666. 11 7⁵0¹⁰
666661. 666231, 66 663, 66 666. 66 631, 1 61111111 316 1 3101

11 1165, 66 1102. 66 6661. 66 1113· 61 31101111 1216ss ,
66 1322. 66 6332, 66 6312 1311116 36 1 ⁶39 ¹· Ι ⁶4⁰³

mm Π 1115 166666 6 6666. 66666. 6 6694, 66661.

mm Π 3111 1 68661. 6 876³. 1 6811Δ 66891
mmuh (11 1 1156624 goffia( &1 Ῐ 118¹. Ῑ 9972. Ι 101371.
6611611‘1'1661 83711) f Π 861, Π 912„
6666, 2. 66 6631 11111112 31 3 ⁶27¹
2611111 118582 1133331 5⁴1 Π ⁰2⁴
Ξ111111εἴ 1 5143 3137060171 33, ΙΙ 454. ΙΙ 817. ΙΙ 122³.
mum 1 5527 66 4138. 114164. 66 4666. 66 6661.
ἢ ’β I 11916 1 1803 I Tm? ΙΙ 4257. Π42835. ΙΙ 42937. ΙΙ 4334.
*¹⁸⁶⁸ss ’ ’ 1614361111666116 66266
rie 111 ,ΙΙ '⁵

86666666 1 8351 1366615656. 0., Η 63011. 11632⁷.11633⁶
&1166611612613211 [566161166 311. Ινι66. Ι 13². Ι 281.
61:112631612181 Ι 33³. Ι 5051, Ι 7201. 17231.
&agel 11 838⁹ r Ι 815 2. Ι 10051, II 2581· 5. 11 2591.
06961 ΙΙ 711. ΙΙ 723 117081. Π 0081*2
6136, (6.. 114642 6666765) Ι 312
066661, 6., Π 138 ¹. 11 41433, ΙΙ 4481. 665766). ἲς.. Ι 574³

ΙΙ 553³ 'ssutbssf ⁵21„ Ι 2971. ΙΙ 8195. 118471

 

