ss

1111111 11 111111 111

1111 1111 Demogorgone (1111111186) 1111 1111111111, 111 111 1111
11111111 111, 111111 1111111111 1111111111111 gu 111111, bem 11
11111 1783 1111111111 11 1111111111 11111111 11111. 111 11111111 1111
1111111111) 111 9111 Le Nozze di Figaro.

1111111111 11111111111111111111111111, 11 ς111111 111 6111111111,
1111 11111111 1111111111 11111 1111111111113111, 111 111 1111111111
1111111111111111111111 111 11111111 11111111 1111111111 11111111.
11111 11 §ponte 1111 111 1111111111 11111, 11111ι 11111 111 1111111111
1111111 111 111111111111111 1111 11111 1111111 1111111111 1111111111
1111111111. 111 11 11111111111111111 11 1111111111,1111111 111111
11111 1111111111, 11111111 11 111 11111. 11. 111 Cosi fan tutte 111
11191111111111111111 11111111. 3111 1111111111 1111111 111111 1111
1111111111, 1111 111111111 11111 11111111111111111111111111 111 111
1111111111111111111, 11111 111 11111111 111 11111111. &ein 11111111
1111111111 11111111111111 111111, 111111, 1111111111 1111111111 1111
111111111111111111111111 11111111 111 1111111 1111 111111111111111.
&ein 11111111111111111 1111111 1111111111 1111111111 1111111111
11111, 11111 111111 1111111111111 11 111 ς1111111111 111 1111111.
11111 111 1111, 1111 11111 9111111111111111111111, 1111 mit 111
11111111 111 11111 1111111111, 11111111 111111111111111111111111
11111 111 1111111 11 11111111 1111. 11 1111 111 11111111111111111111,
111 11111111 11111111 111, 1111 1111 111 11111111111111.

11111 111111 111111111111111 11111111 11111 111111111111 mit
11111111 111 bem 1111111 1111 1111111, 11 1111111 111111111111111,
111 1111 1111111 1111111. 111111 11111 111, 11111 111 111 11111111 11
1111111111111111111 11111 111111111111111 1111111 111111, 1111
1111111 111 ,1111111111111111111 gu 111111 111 1111111111111111
1111 1111111 1111111111. Da 111111 11111 111111 1111111111 11111.
11111111 111 111 1111111111 11111111 11111, 111 11111111111111111
11 1111111111 1111111 1111111111 111111 11 1111111111. 1111111111
111 11111111 1111111111 11111111, 111111 11111111 111111111111111
111 1111111111 1111111111 Le mariage de Figaro 111, 111 1111
111111111111111111111111 nom 27. 1111111784 1111 1111111111 in 111111
111112. 111 1111 1111 1111111, 1111 ,11111111 11111 1111111111111

11111111121. 2θ1111 11111111111111111111 111 111111 1111 11 1111111
11 11111111111111111111 111111111111611811. nannet) 1111 11111111 111
Qum 111 flatum 3111. 111111 1111 11111 1111 11111111, 1111 11 111111
11111111 11111 11111111, 111 1111 1111111111 111 61111111 11111111 11111. 11111111

 

