ὼ

81113111111111111111 427

111 11111111 111111 1111 11111111111111111111111 1111111 11111) anien

3111131111. 1111 15.11111111111787 1111 (11111 11111111, 1111
11131111 1111311 1111131 11111111 111 811111 1111111111 31 1111131111
111 7.111311111111787 311111111111111111 31 11111111, 111111
111 1111131 11111111.

11111 1111111111113 111 8111 1111111111 11111111 111111 11 11111111)
1111) 3111 111131. 81111 11111 111111 1131111111 &alieri 1111111787
111 1111111 1111 111811111111111, 111 11111 1111111111 111 811111
31111 611111111311111111111 11111111111111111111111111311 3111111111
1111111, 1111 111111 3111111111111 83111 Tarare 111 11111111 111 11111111
111111 11 1111111 31 111111 11111111111111 §pet Axur, r‘e d’Ormus um:
11111111 111111 1111 1111) 111 8111111 3111111111 1113111111. 1111
1111111111 1788 3113 111 311 8111111113 111 1131113131 1311113 mit
111 ς11111311111111111111) 111 ,11111111111111 1118311113, 111111 1111
1788 2911111 mit 1111311111 11111111 11131111114 11111111 1111 11111
1111 1913 111 11111111, 11111111 11 11 1111111111 1111 9111111111
1111111111) 1111111111.

ῧ11111111111111 1111 11111111) 31111111 11111 11111111 1111111
1111111111 21111111 1788 1111 im 1111111111111 mit 111 1111111111
1111 11111113111111 1131111111, 1111 811111111311 (M. 584, 535,
11. xxm 27, XI. 20) 111 111111 8111111111 mugen 1111 81111111
(3:513. 536, (ἢ. XI. 7), 11111 11111 ,(111) 11111111 111111 1111111111
11111 (11111. 139, Θ. 111 89), 111 111 6111111111 11. 8111111111
1111 1. 111113 1111 1111111111111 11111111 11111131, 1111 11111111Α11
se in ciel 1111 4111113 1111 111. 111131. 1111 111 8111111111111111111
1111 1111131 3111111 1811111 31 1113111111, 111 811111113111
(11111537, Θ. XVI. 26) 1111 24, 1111111, 111 113. 1111111315
111131117 111 111 1113111111 &these 11111311 111 1111111111 (1111533,
ᾶΧΧΠ, 14)8111113.111111 1111 1111111311 1111111111 (8111. 540,
QXXH. 16) 1111 19, 1111113 1788.

11111113, 131, aud) 111 11111111 ῧ11111111113 11111111 111311 111 11111111 111
11111111111111111 211111111,11111111111111Π3991, muita.
8131788113. 11111111111111111111111 11111111, 62771. 1111111111,
111111310111111311111184, 111111..1111111.1790,ῧ.80. 1811111111
mmmm 651, 51889. ⁶ 1111111113111111 1787 mat 11111 111
,11111111 1511111ιί111 1111131311311 (11111131, 61134), 311111111111311111
Μ ἵ1131111 Gruie agl' ingnnni moi (11123, 132, 15. 111131) 111 3111111111αῇ
⁷0, 3133 ε, 202. 11111 1131131113 11111 1111111 111111111111111111111

111111) 111 911111111111494 11111111 1111111111 11113111,

 

