ss

111111111111111119 111 Dan (91111111 429

111 111 3191111111 11 111 1111111111 1111, 111 9111111 111 mut:
11111 (111, 11) Dalla sua pace 1111 11111111111111 9111111111, 111
111111 111 1111111111 9111111111 31111111 111 1111111111 Per queste
tue 1111111(1111).2), 111 111111 91111111) 111 mit 111 1911111119
111111 91111111111191, 111 §hammaim 111 111111 111119 1911111111
1111111111 11119111) 111 111 11111111 111 11111ίέ1111 1111111111 iffi.

11119111 111111 1111 111 mit 11111191111111111111111111911)
111 1111111111) (1111111111) nicht 11191111111 11111. 11111 1111111
1111111) 11111111 111 11111111 91111111 111 11111111 11 1111 111111 1111
91119111 butten„ 111 mie 111 1119191) 1111111111111 111 91191111
&cite 1111) 111111) 111111 11114.

(111111) 1111 1119111 111 1111) 1118111 (11111111 1111111111,
9111111 mit 111 11111111191111111111) 1111 11191111 111 1111 1111111111
8111111111 9111111. Die 111111111111119 1111) 111 11111111 1111
1111111919 111 15. &uni 1788 111111 11191111111191111111111
111 111 1111111τέ119 1111111111 111 111111 1111911 9111111111. {sm
ί111111 1789 11191111 1111119 (111 111111τῇ11111 111111111111111 111 einer
1111119119 non 1111). 81111111 9111111111, 2391111111, 1111111111
(27. 911111111111111 9111111 1111111118) 111111 (13. 9111111) 1111111111

&ibren 1111) 111. (1. 9111111 111111911911, 1111111111 1911111111

¹ &ie 1111111 111 1111111 1111111111 1111111 11911, 1111111 91111111 9111111111
1111911111 111111. 1191111111. 11111111, Θ. 367. [Iber 111 1111111911 ’1111111111 11111111,
111191). 5111 1789, (9.47. 111 mar 11111911111788111 1111111111 11111111
1119111111. ³ 1111 1111191111) 11111111 11111111. 11111) 111611111191111111 11111
111111 1111111119 1111111111. (119111 1)11 11191111111111111111111111191111111111
(119113 1869, Θ. 251.) martene 91 {einer 11119111 111 91111111868,Θ.Χ111), gn
111 91111. 11111 11 im 11111). Π. 9391. w. Θ. 90. 81919111111111919111111
&unu Θ. 1117. vie 11111111111111161 111 capito, 111 in 111 11111 1111111111
11111111ῐί11) 111 11111111111111 1191111111 111111) 11111 111111 111119191111111111111)
191. 11111, 15. 90. 111111. 1 1111 111 1111111111 191. 1111111111,
61051. 111 111111 &huby 181 IV 27811. ⁸ 1111111111111 111 1111111111,
6. 148. 9391. 1111111911, Θ. 1171. ⁷ 81111, 11118. 11111), (91111). 1.
imme 11. 1. 9111111 in 911111), (3. 87 (11111 8111111111 (ὅ. 95). 8111111111 1798
seint 31111111 in 1111111) einen ,1111111111119 mit 1111111111 1111 1111111111111
zm nn, 13111111 111 (1111111 1799) 15110. 9111111, 1111111111 1⁹,
6. 232. θ111111111111111111 111 1111111111ῐέ 11111111111111111, 11111 111111 111111)
(1111111111 ,11111111 911111 1111111111 1111. 7»111 1111111119 11111111
11 Dutd) Μ, (9999111191 111911, 191111111111111, (111111). 1. 9111111 in 111111
fun 9, 111, 6, 257, (11119111 1911111 in 111111 1111111 11111111111111113.1ὶ111111
1790 (11 11 320) 111 11111111111111 111 1111111111111 9111111111 ihm 11

9111111) 111 1111 11111111 111111 91111111 9111111111 111.

 

