ὼ
11111111 1111111111 11113
Q
1111111 1’ 11111 1111111111 1111 1111 1111111111111111111111111111111111 Due
11111111 111 1111 1111111111 1111111 111111 111· 1111111 11 11111
11111111111111 1111111111 11111 11 11111111 111 1111'1 1111't 1111 11111.

311111 111111111111111111111, 111 1111111111111111111111111111 111
111111 1111111111 111 11111 911111111111111111. 1111. ,111111 111-2 11
11111111111111114] 111111 1111111111· nur 1111 1111111111111311111111
111 11111 1111111111 1111111.

Die 111111 111 11111111111111111 11111111 1111 ,1111111111111111111111
111111111111111111111111111111 111111 11111 111111111111111111111111111 11
1113111111111911111111111 11 1111111111111111119111111 111 111111
111111111111111111111111111 11 11111 1111111111 111111111111115.
111111111111111 111 111 §maianus 1111 mersu& 1111 1111111111 3111111111
111111111111111111111111111111111111111,11111111111111111111111
1111 1116911111 1111111111111111111 111111111111111111 311111
1111111111 11111 18311111111111111111111111111111111111111111111111
11111111111111911111111111111111111111111 1111111111111111111111
11111111 11 1111111111 1111111111 1111 1111 111. 311111111111111111111
’111 1111111 111111111111 „W Α. M. 1111 A. 11. 111-11. lm< 1111
111111111111111111111111111111111 11111 1111111111 ’111111 11111 111
1111111111111111111 111111111111111 111 111111111111111111 1111 1111111
1111111111 11111 1111. 111111111111113111 1111811 1111111111 1111
1111111111111111111, 11111111111111111111111111111111111111
111 1111111111 „Portrait de Mozart execute pendant son 1111111 ἐι
Paris ’1 l'6poque de la mort de sa mkere parAugustin 11151111-
Aubin“. 911 ’21111 111 11 (1111111111111111, 1111 1111 111 1111111111 111
11111 11111111 11111111 111111 111 111111111111115.

11111 111111111113111 11111111 1111 1111 111111 1111111 11111111111111
1111111111 111 1111111111 1111 11111 111111 1111111111111111111111111111
1111 1111111111, mie 1. 11. 111 1111111111 111 11111111 1111111111 111

111111111111111111111111ὄ111111111111111111111111111. 1111111111111111111113111
11111111. 11111311111111112. 331131111111111111111111111111, 1111. 31111111
1113. ⁴ 1111111111ιί (111111 1111111113111111111 311111 1111111111, 11111,
’31111111 1315, ὗ1Β111511ῖ 111111111111 151111111111111, 1111111111. 1111,
111111, 1911 1111111 11. 1111111111111 11111111 11²» 18111111 1111111111 ge:
11111111 1111 11111111 11 1111 111 111111111111111111111111111111111111 11111111,
1111 3111111111 11 41. 7111111111111111111111111111331111111111111

11111111 111111111111111111111 11111111,11111111111111111. 11111111-11
13113 11111111 1111111111 C 951 1111111111111111111111111111111111
1111111. 11111 3111111111 22 BV 23.

111

 

