1111 1111111111] {staura 111 1111111

111 111 uus· 1111111111 1111111 111111111111111111111111111, 111 id)
1111111111111111111 1111. &e 11111 1111111 1111 1111111111
111111 111111, 111 1111111 1111 11111111 habu 1111 11111 1111111 11111111
111111 1111111, 111 111 11 1111111 1111, mit 1111 511111 111 1111 1111111
1111111111 111111 1111111. M 1111111111 1111111111. 3111 111111111111
1111111 111111 1111111111 111111, 111 111 11111111111111111111111
11111111. 1111 nod) 111111111111111111111111, 11111111111111
1111111111 11111, 111 11 11111 11 11111111 11111 1111111111. - &ie
1111111111 111 eine 1111111111111111ς 1111 11111111 111111111111 1111111
im ῖ111111, 1111111ιὶ11) gebbrtf 1111111 11111111 1111111 1111 1111111
11 11111111 1111 111111111111111 11111111 1111111111 111111 1111111111,
1111 111111 11111111 11111) 11111 1111111111, 11111 111 eine 111111 11111
1111, 111 11111111 gangen 1111 1111 id) 1111111111 1111111111] 1111111
1111111111 {ug 1111111111 111111.

Dass 11111111 11111111 11111 111 11111111 1111111. 11111111111111
11111 11111111 11 111111 111111 111 241111. 1711 1111 ,1111111 111
111 6111111111 1111111111(111113611448) 1111111 ¹. 11111 im
11111111 &obre 1111111111 mit 11111 111111 1111111111111111111111112
111 11111111 im 111111 11111 11111 1111111111111111111111 111
11111 111111111111 111 11111 1111111111 11 &beuter 11111111 111111.
1111111 111 11111 111 1781 111111111111111111111111(1111371380)
1111111111.

1111111(Ξ111111111118111111 11 11111111 1111 111111111111
,1111111 (111111 111.11751113.Θ1111”4. 111 1111111 111 111
1111111111111 11111111111111111111111111 mit 1111111111 1111111111
111111 1111111111 1111111111 1111 11111111 11111111 1111. 1111111111
111111 1111 5. &eph 1111111111111 1111111 11111111, 111111 1111111 11
111111111111111111111111(11111 11111 1111 11 111 1111 111111”
1111 111 1111111111] 111 11 111111111111111 1111ῖ111,,111111111111
11111111 11111 1111111 1111111111 111111. ’Bon 111111 11111111111111111
11111 1111111111111111111 11 1111111111 111 11111111 11111 1111111111
1111 111 11111111 111 11111111, 111 11111 11111111 1111111111111111
1111 11111 1111111111111 111 11111111111111111111111111111 „com-
modite‘ff. Dat} 1111 1111111 111111 111 11111111 1111111111111111
11111ἶ1111111 111 11111111 11111111, 111111111111111111 11111111
11111111111111111111111111 1111 11111111111111, 1111 1111111111
111 1111 11111 111 11111111 111 1111111111 1111111111111111111-
wi? 111111 11 11111111 11111ῦ11111111 111111 111 1111111111 1111111111

1131181111. 294311170. ³ffi11196. 11111111), Munus.

 

