1111111111 ’11115111 927
11111111 11111 11111111) 111 ein 1111 111111111117881111
1111111111 111111 11 111 61111111 111 1111111111· 1111111111Ὀ1111111
1111111. „Um 111 fiber 111 111111 1111111111 1111111111111111
11111111,” 11111 ez„ uio 111 11111 111 111111 1111111111111111
9111111111, 11111111 11111111 11111111, 1111111111 1111 111111
800111 11 ist 1111 111111 11 111 11111111, 111 111111 111. - 111
111111111111111 11 11111111111111111111 Giovanni (1111111
eben 11111 1111111 gegeben 11111) 1111111111111111, 111 11111111 111111
nicht 111111 steht„ 11111111 f, f. >ἶ111111111111111 1111111111111111ε
1111111111 ist 111 Syr. 11111111, 11111111111111 11 1111111111
11111111 Ὀ. f. f. Wajestfitfl
1111111 1111111 1111 mit 11111 11111111 1111111111. ’11111 111
grau 11111 11111111 1111111 111 1111 ’1111111111 *mmmmm un:
91111111 1111111 fiber sie„ 311111 11111 11111 1111 ’111111 1111111111 11111
111 1111111, ῗςη 11111 1111111111 11 11111111111111111111111.
Ὀ 111) 11111 es: uer fonnte 111 (11111 11111 11111111] 1111111111111
111111 111 11111 11111111 1111111111 11111 1111111111111111111111,
111 11111 111 111111 1111111111 1111111111 bei 111 1111 1111111 1111
ab 111 11111 1111111111] 1111 11 1111111111 111 1111111111111 111
1111111111 maten: genug„ 11 1111111 1111111111 111111 1111115
111111 ein 1111111111 1111111111 911111 1111111111 1111111] mie
111111 1111111111, 1111 [ie 111 111 11111111111111111111111 Peme
11111111 111 (1111161011) 1111 1111111111 1111 11111 11111111
1111111111 1111111111 11111. 3111 111111 (1111111111 11111 1111 1111111111
am 815111. 1800 1111111 [te 11 1111. 11111 ,1111111111 11111. 1111111
111111111111111111 1111111 mein 1111111111111161111111 11111 1111111
11 11111 1111111111 1111111 1111111 1111 tege, 11 1111 111 111111 11
1111111 111111] 11 111 1111 111 mit 111 1111111111 1111] iu 111 1111
mein 2111111 111111] 1111111 1111111 11111 1111 *mame 1111
1111111 1111 1111 11111111 11111111111111111111111111 1111 11111
1511111 111 111 11 1111111111111 111 Ὀ11111111111 (2. {mli 1819)
1111 111111, 111 1111111 1111 1111118111 femen 111111 111 11111
1111111111 11111111 11111] 111 111111111111 111 111111 111111 111
11111111111111111111111 111 11111 1111111 11111111 1111.
5¹11 11111 1801 11111111 11111 11111111 111 Ὀ111111111, 111
11111111111111111 mit 11111 1111111 1111 Ὀ11111111 mo 11
ein, 11111 1111 11111 1111111111 1111 1111111111111111111111111.
&ie Poebtte 111 gu 1111111111 111111111111 11111111111 umen

 

