0111101010 mit 1110110011 1791 600

511) 111111 11101, mei! 11 111111 314 001 71111 111 - 001 111 {mugen
W 11111 ’1 1111 - - 11110111 11111) im 111001 in 001 101 §ou 111101 1011111)
0111111111 nie 0111111 - 01111) 1111111 111) nn 11111111 &teste einen {ag aue:
11110, 0011010101 1111111 111 1011 0011101101, Sd) 10111, 11 1)01 11111001
11111 010111 bei 011 1111110101, - fed> 101111 1111 111111 10901, mae 111)
barum geben 11111111, menn 111) 01111011 1111101111010111111011100101
marc. - 11111 1011111 [anger 101111 habe 111) beate 1111 11101111 1111111111
1001101111 - 111) 11111 111011 1101 balb 5 1111 0011111011οι - — -
Adieu - 111011 -1111111 1111111 111) 1111 1111110111 - 111) 1111111111) 1000
0101 11111 1091 1110110111εο mit 11111 1111 11111 0010111100 11101 11111
111011

01111110111101 0110101001 11011111 1111111011 111 10111 11111) 111.

Π10001011, 11111111 11 um 123, „habe 111) 10111 91111111 11110111 1111101
0111111110111101 0001111) 100911 111 11100111 1111910111 1101911111 leben
01111-111111 1011 nod) 11001 0111011 10111111 gangen gefitigen 10ος
— 111) mur 1110111110] 11111. N. 11111 er 1111111011) mit Paxole d'honneur
1101111011 12 11111 11111 111 mit 111 11010101, um 01111 10 0111111110 111
11110101. &dy 11111111 0111 1111119111 111111 10) 1111111011 110101, 11011111
0111111 1001101, -1111 11011111- 11 1111119 101131110-11 10111 111101,
111) 101111 0111 1111 1111111 11111 11101111 101 11101111) gu 11101111 muter, —- 111)
11019 0010111101 gut 0090111010 Krene, 10111 11 1110011 10 11101 mar —
11901 10 0111111111) 01111111 1111111 0111 111 011111 011101011110101111 -
in 101 1111191101, 111111) 301101101901 1011111111 11111 1101111101 beni N. N.
01101, 10111111θο 011 mein ‘mittagefien 00111111011 - 1111 mid) 11111901
111111 gut 0111101 10 11111, menn 111) 111001 1111 11111 1011, - 1101 balb
4llbt 11101 111 111011 11111111 111 1101111 - 101 01101111) mut 0111) 1111111
11111111- 111) 10011111- 11011111 - um 1011) 1 1111 10111 111 mit 1111011
1111111. - 10011111 111 101111 01111111 0000110110 - 01111 11111) 1111 unz
1111011100 menn 111 111111 1011111 111 0010110119 010111111111111-10)
101 1011010110011110010, 1011 11 nod) 1111110 1111110010 111111 01011101
11111101 11111 1001011111010011001, 101 1111110) gemit} 1111111 1111111111 11111
flung 101111 11011 101101 1111110 - 111) 91019 101111 um 111111) 0011111111011
111111 11011111 111 111 11101 mer 111 Fa gottist³, 111 10 11111 10011 1110111 -
abet gat 1111111 11100 111, - 3111 1311111911)εο 101) 111) 11011) nb 111111 111111ι
100011110011 10) - 0111 01111) nicht-311 0101111 1111 111) (um 0111
111111 0111111 111 11111) 01110 111) 11111101111 - 10101111111100111101911011·
0111111101 111 11101 - 910111 10101 0111111 111 01111-11111 51111 11111)
10011111 1111111 0111 - 3⁰8 111111) 111111) 011- 91011 111 Montecuculi -
111101 1101 111) - 101111 111 Ν, N„ 111 11101 uber 111011 0010111101- 0111
11111111 1111 1111 111) 00111110111110001 1111101011 111110 heure 11111)
1110111111 11111111 -111 1111111 1011 gerne 0110011011

---,-..-......-------

11111 8001011111, 111 11011) im 1111101101 sitiat 111111. ² 11 11 3351.
³ 11111101, 10 10111111 1111 1111111111 01111111, 11101 0110111111 0111011101 0011111111.
⁴ 01111101 11111, 111 1 1027.

 

