3919919199999 919 2999999919 1 ”
ffi—
9999999 1191999191 99991111 9991119119999199,9999919991919199999
99119, 9991999999 11 99919, ,9999 1991999919119 991, peggio 91911111 aliano 9999
999 333333'31111 9999199 9991999999 99119 91 9919991919 999111, 9191 999 991 11999
9991199999, 999 99 99199 1999199999 99919999, 999919919999199. 11119999
99999911 19999 99999 9991199199, 11 999199 99991 999 9919999919 Cu3311113 911
991199, 99 11 999 1199991999999 9919199999 ,999999999999999 99999 999 91999999
3333311 9111911991 9999991191 331311133 99991 99999999 99999199 119999999991999 9999119
33'33133311'331 99 9999 9991999999 99 99 9999991 19999919 99999 11999199 999ε
9999999999, 911999 9991999199 ,999999 99991999, 91999919 9991191199
999199911999199991991991999111199199919999, 99 99911 11999919
1999911991911999 99,9991 9999919199 C33111 919199919999919 31'1131113333312
991191911991 9919195999 99199999919199911991919

2 111999999999919999911999991199111999999119999

1199 99999911999919911111999911 9191911911 99999999 999 999 C33113f33111
191 9191199199 299991 99 9991919 99 9991191999199919911119999991119919
99999999 99999 9919999999 99991 999 ’1111991999 9919 99919919999991991919999,
11991 999999 11199911 991991 1991 99911991 99919 9999 919999119999119199999199
9991 1991991999999 1199199 999999999, 2333 911 9999 1999991 19111 999
(9999991191 1119991 999119 1139199 19999 91999 91 99111 1991999999 99991919, 999

9999999 99991911911991999 99991 ’¹331 311331 9999999 99999 9911919 91 999 99 3331:
99991 C313313331111b 99 9199919919 9919999911 199 (99919119999991919119, 1111
11999999919911199999, ,91119991911991199111 999, 91111999991 9999999199
99919 99,1 991 999991 1999 91199 99911 19111999 99999 3111 1919191911 111191 9199919999
99199991119119199199999 99191991991199999999999119199999999991919
1919911991 11991 99199999919199119919999199999991999199911199991
9999119199999912 C3311. 118111 9299919119 1191 9999999999991 1199119
9999 9999999919999919 999 99991919 9999 11199 9999199919 311 1999 991999
9999191919 ’11919999199999999 9919999999999 9999 999 999191 9999 99199999999991
1111 999999111919199111999911999, 119999999199999991 5133113131131131131
9199 3131 1199991919 9999999911 233 thll'e 99999991, 99939 99999 999
9999991199 9999999999 Φ9199199999 99 9999919919 91919999991199999 999 3333:
9999919999 Ct 191 999 2999999 9999 9911999999 1999999931 999 99 9919999919 99919
9999119 9119119991 1991999999 991 53311333'1'3'33311 99911919 91 919 999 99919919
199991 99 9999 9919999 19119999 9911911 9999999999, 99 9199 533'313313 19 (9199111
1999199199 2999999999 99999 11119911 99999999 99999999 99999 9999 9191199 111111
99999999 991191 99 1911191191 19999.
9 9 99 182. 1 1999. 111. 19991 3911119 91929191. 9 99 11113.

 

