Lo sposo deluso. 8881838 88818818

1784 18818888 8818818881 8888181. 8818 8818 881 9188818 8881
31¹ baen 8888, 888 8178588 888818 8888188 ,8888888888

81118 88188 8118888 118118 188818 gu 1888 8888111888 881
188 ient 3111 8888119118 88 8111818118 81811189. Dea 8118188888 88
&atti 888 8181118118 98818888 hatte 181811 &alieti 8118811 einen
1888888 61888. 88881818 batte 8818 8888818 88811818191881
8888881188 8818181 88 88888888] fo 1782 88 Semiramide in
11118818182 888 8818881118) 1784 (28, 88811) Les Dana’sdes 1881888]
88 er 888888811181181888 88888888 fo 8188 111881811888818
18 {Rieu 18 11811811 38888188,

Qu 188118 eine 811181818188811888 888188888181188881 einen
88818 8888118] 88 188 81188188181981118 888888 888 88181
§eine 8111181881 mit 1818 ein 61811 8888818888 8118881 but,
88888811 8888811888 mar 818 1118188 1748 818 &obn 1188
1118111818 gumiae 311 818888 1858881388 9888118 888 batte 88118188
818288888111783 8888 818 81111881 888 818888, 8811888 88
‘Dante' 8181888888 881118 888818 8881888884. &t 188 8888
188 8888818888 ein 888 8881188 1773 88 ’8181188888 meg:
88888 111118 888 88 88 11818 8188818 88818818 nannte. 888 88 88
8191881 §eine 1811 88818888818888 888 8881111188 mit ben 88888818
888188 881818811188188881 88 188 8181888888 tinem 8811 new
meilen 188. 1774 188881 et 88881 ber 81888811 888 8118111 um
&emittat 88 81811. 8188 8881 hiet 888 181888 8188188 8118118898
1777 88888 ct 888 8188 8888881888 8888888188, mest er 88
881111188888881188111 iu ciuem 1818111818 (8888818 8888881188 butte,
888 181811 [ein 8811181818 ber 811818, 88888811 (8188118111 cine&
8881118188 88888 818 8188118788 18888818) 1780 in 888818 888
8888, 888 8118888118 88 88118188181888811781 in 1888, mo 188
118881 nm 7, 811181 1783 8818818 888881, 888 8881818 8188111188

-ᾲ--ᾲ--ψ

¹ 7115» 81181 17821 1883888 nod) 17888 811181, 89188188, 8881188811, 840
vn 88818 188118181118188181 (mit 81818818818888188 88111188 8118118818),
88 sompnum 71. 8188888888 891. 818881, 11188888 Π 856. 2 81881188,
(Ma). 88888881 881188 8118181818 1701. 31889. 4188. 888188,
well, ὒωῐῐῲε 81118118 1882. 11118τῴ1188, Della 1118 e delle opere di L. da
8811181900. &tint Memorio 1111811818 in 4 1888881 1823-1827 iu 81888811,
2. 8818 1828-1880] in 81811188 1188188888 18 Q. 68188181 81811871118818888
¹0⁸⁶( 188. 814-816, 61811888 1847 888 888 Ε. 1881888181, 881811, 1881881881.

881 88113 x 6181, xm 1888, xmv 1891,

 

