ἓξὲξ

904 5511555 1

15 55 5555115555 555551 1555515 51155555 5555511155, 555 515555
51155555 8555515555 5511555555 555 55 5115515 11555 555155 555

[5544 5555 mit 555515 51555 515551, 545 51551555 51511, 1551554
{empna in 51155515151 555 5555555555511555555, 55511555

4. (Ι 6. 25.)

Dus 5155555555 555 5555515555 in 85155555 555555 55155555
151555 8555. 51155555 55555555

1 55555555551551555515555 18. 5155 1748, gest 2. geht.
2. ἔξω 51555 8555515 555. 1855511749, 555. 244551

3. 5115515 11555 5555555555 9851555515 5551851151
1750, gest. 29. Tsuh' 1750.

4. 5115515 §unna 5135155555 &gnatia 555. 30. 5551 1751.

5. 555555 11551 1155455555 555. 4. 8155. 1752, gest. 2. 5555.
1753.

6 5115515 6555555515 55555555 55 815515 555. 8 51151
4454 gest 27 555 4454

7. 555 555555 555 5551155455 5115155555 8555551155 555.
27⁰² 5011 1766.

5. (I Θ. 26.)

5155 bem 55515555 555 5555515555 gu 55155555 5555555517ὁὸ
p. 2 555 5155515 555551 555 5555555 5551555555 58515
555555 8555551155, 55511555 &obn 545 55155 55455 1555515
51155551, 5555555155, 555 555 555515 81555 51551115, 55555·
(65515, 555 21555555 1756 um 81155 555555 5555555 555 555
28. 55555 1756 um 10 1155 5555515555 im 5551555 555 55155 55545
355555 8555551155 5155555555, 5155555555 5151555 555 55555154
5455555 p. 5. sponsi. 5555 5555 5555855155 8555515 85555551
5555 1515515555 55155 5515555 5555555155.

6. 6. 5555555555 55 85155555 am 16, Dec. 1841.
55555555 5555555, 8555555555.

¹ 3555515115 354555 fta 5551555515 (ein &6106 bei (ἦ. (5115555 2387
55 5154551555 ber 84555115 555 8155555551 {Bm 5555 &- 95·

 

