CC* Crr'Crr 111 118111111111111

11111111111111111111111111,1111111111011111111111111111111111111111111111
1111111 3rr 11111111111111111 1111111111 ,111111 11111111111111111111 11111111111111
ἐ111111111,11111 11111 1111111111 11 (11111 1111 111 CCCCCCC 111111
1111111111· 111 (11111111, 1111 11111111111111111111111111111111111111111
111111111111111111111111, 111 1111 1111111111 111 1111111111 1111111111111111 11111111
‹rrrr31CCrrr 1111111111111111111111111111111111 1111111111111725
111 11111111,11111 CrCr'rCr CCC 1111111111 11111111111111 Ξ11111111111111111
111111111111,1111111111111111111 11111111111111111111111111111
3r3Cr 1111111111, 1153 1111 Crr rrrrrrrrrrrrrCCrr 111111111111116111111111111111111
111 1111111111 1111111111111 1111111111, 11111 11 11111 1111111111111111111111111111111
11111111111111111118111111111111,1111111111111111111111111111111111
1111111111111 1111111111111, 1111111111 1111111 111 CCCC 1111111111 1111111111
11111 1111111111111. CCC. 111111111111111111 11111, Crr rrCr 1111111111, 111
1111 CCCC CrCrrCrrr 11111 Crrr Crrr'rCCCCrrCrrr CCCCCrrr CrrCCCrr'CrrrCr
rrrrC 1111111111111111 1111111111111111111111111 11111, 111 111’ 1111111111 CCC 11
1111111111 1111111111111111111111111111 (111111111111111111
11111111111111111111111111111111111111111111111 11111111011111111111
11111111 111111111111111111111111 1111111 1111111111111 11111111, 11111111111111
1111111111111111111111111111111111111111111 111111111111111111111111181111
,1111111111 1111111111 1111,11111111111111111111111111111111111
1111111 11111111,1111111111Β11111111161111111111111111111111111111111111
’,1111111111 1111 11111111 1111111111 111 1111111111 111111 CruCirm 11 1111111111
111111 111111 111111111111111111 1111111111111, 1111111111 11 Ὲ111111111111
111-1111111111. Crrrrrrrr 3C3 11 11111 1111 1111111 rrrrC 1111111112111
Cr'rr: 11111 CCC 11111 Catone 111 1111111, 11112 Cirr »Alessandw
111111 CCC· 111 1111111111 111 CCCC. 1111111 11111 111111 13111111 CCC
111111111111111111111111111111111111111 1111111111. 1111111111111111111111111 'CC
111 1111111 rr3 11111111111111, 1111 1111111111 11111 111111 11111· 1111111111,
1111111111111111111 11111111 111111 31111111 111111, 1111811111111 1111111111
1111111111 1811111111 Crt 11111,1111111111 1111111111111111111111111111111111111
111111111111111. 1111111111 ,1111 Orione 11112111111111111
1111111111 1111111 1111111111 rCrrrCr 11111 1131111111 11111 11111111 3u¹11 ’CCCC‘
11111111 111 111111111111111111111 CCC CCC 1111111111 rr 111111111111111
111111 1111 11111111 11111 11111111111111, 111 111. ,111111111111111111111111“1111

rCrr 111111111111111111111 11111111111111 1111, ἐ1111111111ἐ.14“2.

 

