===Qssfflz=

1084 24717077677944427

*Eernen 67. 776.. 7 7521 Ι 762 1, 17911, 767776774. 1116, 7 197³. 7 2041, Ι 9451,
18181. 18231. 18241, 1873118811. 11 1071. ΙΙ 2561. 11 7691. 11 8471,
11721814 7311183111911114431. Π 891 ¹. 17 8931
11 4441 < 4676777177. 71.. 77 7641

7667 Ι 3993. 11 481, 1110511111. 'fflnsemuzffit 6⁰4⁴ Ixn. 1321, 1471.
ΙΙ 1101, 11 42411111, 11 44711. 15311541,1551172118511861.
11 6641, Π 7341 1881.1891·1.1921,1931,19413,

76771777 15491. 15501, 1 5511. 15531. Ι 1031. Ι 109111, 1 11411, 1116111,
155511115571115581155911 1 14311. 1 1451, 1 1521. 1 1531.
1 5701. 1 8231 115611, 71634. 11661'21181‘244.

9677471444777477 1 2021. Ι 2191 4 11941. 12111. 72611. 12651, Ι 2771,

1111111613, 1501, 19611718117321, 12801.128311284113071130911.
17331111, 19311. 111041, 111071. 131411316113171118181131911,
11 2791. 112941. 11 3691. 114131. Ι33011342113451113481113491.
ΙΙ 6431, Π 8388 13511·1,13541,136711369113721.

'194776741176677 7 74⁴. 1 1801 13771138011 381113831139311.

1811141, ξς. 27.. 11 4431 4 13951. 13973, 13991, 1449114631,

2815911410, 6. 846, ΙΙ 8181 ¹: 148011. 14911. 1 49211. 14941.

1314961 11251. 1714111751. 1142811 14991111502115031.15081111,
11 6381. 11684411 7501, 11 8881 4 15121151311520115961111911.

4666. 6 7 454 4 11201175941161111 1112111111,

111117, 6. 76.. Π 6281 , Ι 8041, 18081, 18131. 1891118981,

11161, 111. 6.. 77 4421 190911. 77 68477776 77941777661.

111117οε13, 764 ΙΙ 8911 4 77 3101, 11 3731, Π 3741. 114261.

111516Ιί1, ,5.,17081 4 116941116951116971

:646716777677774 &641 6751 4

'21476771677774 67.. 7 336 1 2191. 1 2331, 4 576777' ᾖ.. 11438111 4441
1 4501, Ι 6751, 16881. 11901117411 Sessnet 17 8931

1116151940, 14. 7777. 7 5711. 1 5911114191. 4 3676 Ι 8351. Η 6231 (191, nuti) 6667)
77 7797. 77 4591. 77 4603. 1148041511111111111161111111941188)

77 786³. 77 513 1. 77 365. 77 6421 4576. 111, 7 2794

 

