5550 ,11111111111111111 1111 11111 55555'1

1111111111, 11111, 1111 1111 111111111111111 11111111111111111111 11111111
11111111, ,,111 1111111 111111111111”1 &5 11111111 1111111111 111111 1111111,
5. 1. 1111111111111111 1111111111111 11111. 5555 1111 111 11111 111111
1111 11111 1111 1111 1111111 1111111111 11111111 111 11111111 111111 1111111111
111 11111111 111111111 111 1111111111 111 1111111111 1111111111 1111111111,
111111111111111111111111111111111111111 1111111 11111111111111111
1111111111 111111 1111111111, 11111 111111 5 11. 111 &5555 111111 5515
5555555155 111 111 111111111111931111111111111111111 111, 11111 11111 11
11111111 111. ,,111111111111 11111111, 1111111 1111111111, 11111 ,,11111
1111111111 11111 11111111 111 11111 11111111 111111 1111111111111111111 111
111· 1111111111, 1111 11 11111 11111 11111 111111111111111ῗ11111111111111ε
1111. 111111 11111111111161111111 11111 111111 11111111111111111111111111,
11111111 1111 11111 111111 1111111111. 11111 1111111111 1111 111. 111
1111111111 1111 111 1111111111 (11111111 1111111 1111111111 11111111111111
111111111111111 1111111111111111111111111,111111111111111111
111111 11111111 11111 111 1111111111111111111111111111111111111,
111111 1111 11111 111 1111111111111111111 111111111111111111111111111,111111ε
1111 11 1111111111111 11111111 1111111111.

11111111 111 1111111111 1111111111 11111111111111111111111111111 111111,
111 11 11111 111111111111111111 11111111111111111111 1111111. 1111111111
1111 1111 11, 1111 1111111 1111 111111111Ε11111111 111 111111111111111·
111111 1111111 11111111111111 11111111111111111, 111111111111111111
5555555 ,1111111111 1111 1111111111111 1111111111111111111111, 111 111 111111
111111111111111111111111111111111111111111111111111111. 5555
1111111111111111111111111

ῚῚΘ11111 111 0555 111 111111111 11111111 1111 1111111 5551 1111111 11
11111 1111 1111111111111 111111111(1111111111111111111111 1111111111
1111111111ῑ111111.1111111111,11111111111111111111111 21111111,

1111111111111111111,111111111111111111111111111113111111ε111
1111111111 1111111 11111 1111 1111111111 11111111111111 111111111111
1111111 111.

Ξ11111111 1111 111 1111 11111111111111111111, 11111111111111111111111
111111 ’1)1111 11111111111111 1111111111 111111. ,11111 11111 11111 11111
111 1111111111111111111111111 1111111, 111 11111111111111111111111111111111.
1111111·1111111111111111 11111, 1111 111111111111111 111111111111111111111
111111 5555 1111111111 11 111 11111 111111 11111111111111111 1111111111

1111111111. ,11111 1, 11111111,

 

