1111111111
Ὢ

1111 111 111( 11111111( 111ῧ1111151111111, 111 1111111 mit 11111111 1111
111111( (inb) 1111111 1111111111111 1115111111111511111 111 1111
11113111151111131111111 Det 115111111111115 1111111111 1111 1111
1111111111 111111111111111 11111111 111 111 111115ι 11111111 11511111

11111511111111111111111111511111111111111111111111111111 111111
(1111( 111 1111Ε111111110( (82) 11111 1111111111131111111111 1111151111
1111111 11111111111111111111111111111111111111111115111Ο111111111111
1111111111111111111111111 111111 11111111111111111131111111111111’11111 11111111
111 11111111 1111191111 1111111111 1111111111115111111 1111, 11111111 1111111
111111111111111111111111111111 311111111111111111111151111111111111111111111
1111111111 1111111111 11111 ῧ111111111111 11111111. Dic 5111111 111111
111 11 11111111111111 1111111111 1111111111 111111 11111 1111111 1111111111 11)
1111151 11511 11111111 1111 t: 11111111111111111115111 1111111 111 11111511
1115111 1111111 1111151 1111111111 11111111 11111111111111111111111 1111111111
11111111111111111111111111 Ξ11θ111111111111111111111111111115
11111111101111111111, 11111 1111111111 1111 1111 1115111111111111111
1111111 1111 11111 11111 1111111111θ111 111 115115 51 1111 1111111111111111 11111111

111111111111111151111111 111111511111111 1111111111 111 111111111
{Len 1111111 111 111 111111 116111111111111111111111111111111111111
111111 111111 111111151111 1111 1111 11111111 111 111 111111 1111111111111
1151111111. 1111111 111 1111111111111111111111111 1111111111111111111111111111
1111111111 1111 1111111). ’11111 1111111111 1111 11111 11111 111
111511111111111111 (11111111 5111111111.

1111111 11111 1111111111 11115 1111111111 111 11111111111111111111. *mm
51111 1111111151 1111111111 111 111 11111111111111111 111 11111 1111111111
11111111111111 11111111111115111111611111 1111111111 51111111. 111111
1111 1111111 11511 51151111111111 1111 11111111111111111 111, 1111111111
1111111 11151111 11111111 1111, 111 111111 111111111111111 11111111 51111
1111151111 5111111111 1111 111111115111111511111111111111 1111 Lucio
5111111111 111111 11111111 11111111 11111111. 111 1111111111111111111511111111
11111] 111111 111 1111111111 1111111111 1111111111111111131511111 11111111
11111111 51111111111111111115111 11 1111111 11 1111 111 111111 111
5111519111 1111 1111111111 51 11111151151111111 111 (11111111111111111111
51111111 1111111. 1111111 111 1111 1111111111(51111111111111111111
111 1111111111 11111111] 11111111 11111 11111511111111111111] 11111 11111 11111
1111 maner 11111115111111111111111111111 1111111111. 111111 ’11111111

w

¹ 1111111111 1111111111 1111111 11111111 111111111111151111111111 11111111151111111
1111111115 111 11111111.

 

