ὼ

11111611161161666611111111
f——————-——

(6611611111 1111111 515151555555555155'5 perc ,16111111 111111 1111, 113111 Γ,
serie 5 2315. ope5e15 b15· He 1 4411. '=

161111116111111111111,111611661111111111111111111
55511555555555

8111111111, 18111111, 818

16161111, 1168111611, 1 111, 1 3'5'5

661611161111,11 1.,1111111111,6116611111ιῖ I''w‘514514555555551555555551 Ις11111,
5515554'451115551155'55 =1 ›³- 5· 61. ‚5555
611111, 1811111, 551415551555555555

6661111, 81111, Ξ111111τ

661111Ξ1611111
1ἶ11111111111111116 ἓ 6111111161161111
1181311888 6616111161,1’ ,11161
6661111611,11.111661111,1,1 1611611111τί 11 55555555555555 6111111111 555, ’,1
,11611111 191 61111111111111184
’· ³· ’ 'x' 11611, 11313
111 8111111111, 811 1111161111 515

13651166 3186566666 11411
5551555555 5555 161611161381 133553'
6611111111111 138111,
6616166111, 51661111 1111161891 6116,111116,1ἶ11111161111111161616,
,6666116111116611ἶ1611116116111116111 1545133551912. 5111555'311555'51515
3816111111 555 1 33 1 231. 1231’ 1 91 1811 111111 1’1111111125“2 Π ΒῙῙ
6661, 11611111, 133134 3411111 124 11338
1181 1116111113. 1298, 05515 5115 6611616116, {25155'5 54555115'55951111159155:
12321661616111861111611299.11133.
1801, 11111161111114961 61611) 1184, 5555«. 555555555 13111111ιί6,
118253 8111111 5555 1111161161,
666111, 11611, 135555 1111611111111811161111 118891 Η844Π 811481
11828 61 11 1611611661 1116116, 11111661

6661111, 8661 111111, ,1161111 9111161111 1ἷ111111611111,111148, 11 68311 ῖ116
11018 6111111666, 8 ” 11 1. , “

(611111, 1811116, H 688 6166161161,
66111111,3611661661116111,114131616111666, 95515155155115'555 111 515551151115

,611113166111311166111881111890
,6611111661661616 8111111166111111116111116116, 931111166161111618113
,11611111181166111611,61,11,1111111111611164

 

