ψ

208 Die 6661666 111666616ηὸ666

Μ

Die 61666116 gicht 666666 616 6666 666 6116 {uni 666 6616
6616666666, 666666 616166 6611 6661 66616666 6166. 616616 616 616616,
66 bem fid) 616 (1666616166 6666111υὸ666 ἱ66666666 66166666 66661666
,66666 61666 666 66666616 616166 61666666 666666, 661666666111666
666 6661166666, 66666 6166616666 auf 66666666 6166666 6661666666
1666661666 gu 161166. Die 6161666666 16611666 nicht 666, 666 61666166
(66666166 gelegentlich 66661166 66666(11.ε61.453)6666 666 666 in 666
6666166666 666 6166616666 &bema 6661666616 66666616 (31:93. 488);
6666 666666 6ί6 6666666 611666 666666 6666666666 666 6116666666
6666 66666166 616 61666666 6666166616. Die 6161666666 666 666166
666666 6611661666 6666 16666666 6166666. &elren 6666 6666666 66666116
66666616 1666661611, 6616661. 16 M. 491 mit 6666 6661166ε
616666, 666 in ndtbtigem Dunfel 666166666666666 6161616166.

Die 6111661ῖὰ66 661166 666 6116666661 6666 mei: 6666 6661161666
61661666 666, 66661 666 66616116 6666 eine 66616 666611 66611666 6666
16666666 66166666 66166666 616 616616666666666 (M. 450, 456)
6666 666 616666 (m. 451, 466, 482, 491), 666661 666666 616 stan:
66161666 6666, 1666661616 mit ciuem Mineur 6666 11461666, 66666666
m m. 466 666 666 66 666666 ,666661 66 66666
bin. 616661661666666666666 1166 meist 661666 ς11666666 6666661666
66666666 6661666 666 6661166 6666 66116666166666666, 666 666
96166666 6666666616 66, oter umqefebtt3 666116 6666 66616166 666616
666) 661 66166 666616. 666 66666166666666 ruht 16661166 6616
666 6666 66111166, 666 661166 6666661666 ist 16666166 616 666
166666 6166666666 6116661666 (616 in 666 66666666 66666666 6661
6661166 66616 6166666 6616666666 166666 66661666666666116 6611Ξ
1166666), 1666666 im 661666666661666 6666666 666 in 666 6616666666
661166 66616 666 6166666661. 66666666 66166 fid> 61166666 1661111
6116116 666 66661 io 6666666666116 6166 66 66666666, 616 mit 16 1611114141
>medea 6666666161) 16 bestimmten 6166616666666666 66661661, 16 11
6611666666 66666 616 16666 ς66666166 666 6611666 66 666 6161
zutn' 666666666666 6666666666 616166 somene (661. 616161) 66664151·
61666 166666 66 16 616166 66666 161661666616666666666611116661·
66116666 666 6666661666 weit 6661666 661 6166 1666666 411661
6661661616 666 61666666 66, 616 666 nie 6161666 666 66666666. 6611611

6616666 616 66611166 6666616666 666 6616616666611 66 6666616141

6666166666 666 6666116666 666, 1166 61666 6166166166 6661161661

¹1907.

 

