ss

1111111111111111111 31

...-——---———-—-——-

3113111111 1111111111 1111111 111 111 1111111 11111 1111111111
111111111111111111 1111111 „Uict” 111111. 11111 111 111 111111
1111111111 11111111111111 111 51111111 11111 111111. 1111111111
1111 1111111111 111 11111. 1111 11111111 111111111111111111111111
11111111 11 111 1111111 11111111111111111] 1111111111 111 1111111
1111111111 1111111111 11111111111111111. 1111111111111111 11111111
1111 11111 1111111111 111 111111 111 11111111ζῇ 1111111 111781
111 1111111111 11111111 Ι1111111111111 111111 1111111111 11111 11
1111 1111111, 111 111111111111116111111111 1111111111 1111111111
1111 1111 111 11 1111 111111 - 111 1111111111 1111111111 111111 111 111
111 1111111111111.” 1111111 111 111111 ,11111111111111111
111111111111111111 11111111] 111 11 11 1111111 111 11111111
11111111 1111111111 1111 1111111 111111111 111 111 1111111111,
11111111111111111111 11 1111 11 111111 1111111 1111111111 11111,
111 11111111 11111 1111111 3111 111 1111111 111111 1111111, 111
111 111 111111111111111111111 11111 1111, 111 11111111 111111
1111111111 1111111111111111 11111111 1111. 1111111] 111 1111
1111111 1111 111 mit 111 1111 1111111111 1111111111 1111111111
11111111. 111111111111111111 11111111 11111111 11111 1111 1111111
1111111111111111111111111111111. 111 111111 111111. (1111111
11111 (111111 1111111111 1111111 1111 111 111 111 1111111111
31111111 111111111111111. 1111 1111 1111111111111 1111111, 111
111 111111111111111 1111111111 11111 111111 1111, 1111111 1111
11111 111 1111111111111111111, 1111 1111111111111111 111 111111
111 1111 (11111111111111 111111 1111111 11111 111111 1111 (11111
111 1111 111 1111111111 11 111 111 1111111111 11111 11131111
11111111 111111] 111 11111111111111 1111111111 11111 111111 11111
11111 111 111 11111 1111111, 111 11111 1111 3111111111 111 1111111
111 111 1111111111 11111 1111111111. 11111 111 1111111111 1111
111 1111 111 111 1111111111111111111111111, 111 11 111 1111111111
1111111 1111111 11111111 111, 1111111. 111 11111111 1111111111 11
111111 111111 1111 11 11 11111111111111111111111111111111111111111,
1111 11111111, 1111 1111111 111 1111111111 &cite 111111 apem
1111111111 11111 1111 1111111 1111111, 111 11 1111111111 11111111
11111111 111111 11111111 111111111 111, 1111111 111 1111111111
111111111111111111111111111 11 1111111 1111111111 1111111111

11111111 11111

118131. 11111161. *1111116181 419381,

 

