..5555555555 55 77,,, 55555555555 7,, ,7,,,,
55 7, 77,,,, 555555555555 55555555555555555. .5..5 ...555 ,7, 7,, 55 ..5 .555... 5555555 555555555 ..5555
5555 ΞΘ, ..555555555555555 ..5555555555555 77,,, 55555555555555. ,,7,,, 55555555 ...555
,,7,, ,7777 555. ...55555555555555 555 ,7,,,,7777 7777777777 .555555 ..5555555555 ..55 ,7,,
,ἐῶ ..555555555 555 ,,7,,, 55555555555 ..55555555 555555555555 ,7,,,, ,,7,, 55 ..555
53355555353 5555335335.
.55 ,ω ,Ξ 5 7777777777 ,,7,, 55555555555 555555555. .555555555555. 5555555 555555555555555 ...55555
5......35 7777777777 55555555 »7 ,7,,,777777 ,7777777777

.555555 5553... 5555505 7,,, ,7,,,,7777 5555 ,,7,, ,,Θ.,,,,,,,,,.,,7, 55555 555 555555 5555
55555595555555555555 5..555..55.55 ,7,,,, ,7, 7, ,,,7 5555 5555555 ,,7, 55555555 7,,
5555555555 5555555. ,,7,,, 5535. 555555. 7,,, ,77777777 ..55555555555 ..55 5555 5555 5555555
77,,,, ,,Θ 5555555555... ,.,,77, ,7,, 555553555 ..55555555 5555 ,.,, ...-....55 5555.
55555555555555555. ...555555555 505555555555555. 5555555555555555 5555. .5555555555
,,7,,, 5555. 7,,, ..555555555 77,,,, ,7,77, .55555 ,,7,,, 77,,,,77, 5555 555 ,7777777777 5555..
..5555 ,,7,,,,,,,77,7,7, 555...555555 ,7,,,7, ,,7 77,,,. ,,, ...5555 ...5555 ,7,,,77, 7,,, 55555555 .5555.
5555555 55 555 .5555555 555555 5555551555555555...555555555555 5555. 5535 5535.
,7Θ 7,,77,7,7,,7,,,.,,,7,77 555555555555 5555 ,,7,,, ,777 ,,7,,777,,,7,»7,,,77 .5555555551..
5535 5555555555555 ,,,77 777 ..5555555555 77,,, ,,7,7,,77,7,,7,7,7,,7 555555555555555
7777777777» 555 7777777777 ,,77 5555 .55555555 ,,7, ,77777777 55.. .. .55.. 5555. 77,,,,
5555555555 .55.5.55.5555555. ,,,77 ,,,7,,,7 ,77 ..5555555555 ,7,,,) 7, 7,, ..5555555
.555555 5555555555 .55.. 555>5555555555255555555. 7,,777, 55555555555555
,,7,,,-,7 5555 55555555 ,7Θ 7,,,777777777777,,,,7 55555555 7,,, ,,7,,,7 555... ...5555555 ..55
555555555555. ...55555555555555555555 ..5555555 55555555555 5555 5555. 5 . 555 ,7,,,777,
555555 ,Θ 777777) 77,,,,,77777777777 7,,,, 5555555555. ,7,,,, 5555 ,,., ,,,77
7,, ..5555555 5555 .555555555555555555555 .5555555555555.. 7,,7, 55555555 ,,»7 ..55555555
„55 5555555555555555 5555555555555555555 .555555555555 ,,7,, ,7,,, 77,,,, 555555555m. 7Θ
555555555555555555 55555555 ..55 555 77 .5555 .5..5 77,,,, ,.,,,7777 .55 ..55555555
55555555 5555555 5553 ,,Θ 555 ,,7, ...5555 ,7,, ,,7,,,777 ,777 ,.,, ...5.55555
77,,,, 55555555555 777Θ .55 .55 ,,7,, ,7 ,7,, 7 .. ..5555555555555 7777 77,,, 77777777,
..3555 555 ..555 5555...55555555355553555 ..5.5.. ,,7,,, ,7,,,, 555555555»...
555 ,77,,,7777777, 5555555555555555 555 ,,7,, .555555555555555555 5555555 ,,7777777 555555
...5355 .555555 5555555555 55555555555 ,,7,,, 55 7,,, 777,7,,7,,,.,,,,,77777» 77,,,, 77,,,,77, ,,7»
55555555555555555 5555 7,, ,,., 5555. ..5555555 555555555555555...555555555 5555555555
..5555 5555 555... 55535555555555 55555 77,,, ,7,,,,,,,,,,.,7,,,,Θ 7,,777,7,,77.,,,,,,,,
,7,,,, ..5555 5555 555555555555 5555555.. ,,,7 ,7,,, ,7,,,, 77,,,,7, 555555555555555. ,7,
,,7,,,777
...,7, 5555555. 77,,,, 5555. ,,,777 77777777, .5555555555 ..55555555555 77777 ,,7,,, 77,,7777
5555.» 7,,, 555 .55. 77,,,, 555... 55555555 555 ,,7, 7, ..555555555 555. ,77,,,
555555555555555555 5555555555555555 .55555555. 77,,,, .5..55555 55555 7,,,777 7,,7,
..55 555 .555555555... 7,,, 55555555 ,,7,,, 55555 55555555555..55.5 ,77,,, 5555555...
5555.555555555555555555555555. 5555 ,,7,, 55555555 ‚555555 77,,7777 555 ..555.55..555.5.5
,,7,,,Θ77 ,,7,, 555 ,,7, 55.5. 77,,,, 555555 555555555. 5555555. 5555.. ,7,,, 77,,, 555 ,77,,,
555555555 55555555555555 77,,,, 5555555555.. 77,,,77777777 ,,7,,757 77,,,,77...
,777 555555555555555 555 55555555555555555555. 5555 ,.,, 5. 55 ,,7, 55555555555 555
333355335 533553

ΙΙΙΙιιΙΙΙιΙιΙΙΙΙΙΙΙΙΙΙι

7777777777, .55 55

ᾒέῃιιη

 

