1111111111 1013

111111 (1111111111 111 11111111 11111 11111 1111111111, 111 111111111
111111 1111111. 11111 111 3111111111 11111 11111111 11111 111 10)
1111 1111111 1111 11111 1111 111111 3111 111111 111111 1111111111111111111.
1011 1111111 1111 11111] 11111111 11111111 1111181111120111111 118311
1111 111. 11111. 111 1111111 1111 1111111 1111] 111 1111 11111111 11
1111 111 111 1111 111111111111111 mir 1111111. 111 111 111111 111
1111 1111111111, 111 11 111 01111 11111 11 1111111111 1111111 111
11111 1111111] 111111 11111 111 1111 mit 111111 111111 111111 [11121011
111111 1111111111 1111111, 1111 11111311111111111111111111 01111111
11111111 11111111111111 11 1111 111 11111111 1111111111 11111 111
1111111 1111 111111 1111111111111111111111 11111 1600 111 11111 1111111
1111111 1111111111 11 1111 11111111 1111111111111111111111011111
111 11111 1111 1111Ξ11111111111011111 11111111 111111, 111111111111
11111 111111 111 1111111111 mit 11111 111111 1111111111 1111 1111111
1111111111 11111111 1111 1111111111 1111 11111111] 111111111111111
11111113.

1781 11111111111111111111 11 111111111111111111 111111111111111,
1111111111111 1111111111] 1111 11111 611111111111111111111 111 11111, 11
11111 11 111111111111111 1111111111111111111111 1111111111111111
11111111 (1. 1111111111 61111111111111111 111111111111 11111, 111111
11111111 11111 1111111111111 111111, 11111 11111111 11111 111111, 11 1111
111111 11 1111, 11111111 1111111111, 111 11111111 1111 111 1111111
1111111 11111111 11611. 1111 8111111111 11111111111111 1111
111111 1111111111 11 111 111111 (11, 24, 111 31. 1111111 in 1111
1111111 &ml 111 1111111111 ’11111111 111 (1111111 111111. ’111
11111 111 1111111111 111111 11 1111 111111 1111] 111 111111 111 11111111
---—--—-—--·-····-

¹ Q ΙΙ 218. 1 15111111 1111111.1.01111111 ἐ, 1181 11111111 111 111 be:
1111111 1111111111 01111111 1111 1111111111 1111111111 111 1111111 11111111 im
1111111111111111,1111111111 &mdc 111 111111 11111111 1111 11111111 1111111111
1111111111 11111111. 1111 1111111111 1111 1111 1111111111111111 11111111 81111111) 111
11111111 111 11111 11111151111111111 1111111 1111111111, 111 ,11- 111. 1111 bem
1111111111 111111111111111 1111 1111 1111111111 11111111 1111111111111111, 111111 1111
11111, 111111 11111 1111111111 11111 11111 011111111111111111111111111111111
11111, 1111 111 11111111111111111 11111111111111111111 11 1111111111 11111111] 111
1111111111111111111111 11111 11111, Die 1111111111 111111 1111111111 11111 111
011111 1111 160011. 1111111111 111 11221. ⁴ 01111111, 1111111161.
1111111111111111111111 11111 1111111 1111 11111 11111101111111 1111 1111111111 111
111111111111111111111111111111, 1111111111111111111, 1111131111, 111
Ξ111111,11111111111111111111’1111111111111111111111110111111111111

 

