====w====

lffiss 9661611116166666

1111111 11111111111111 1111111111111129. 6111111ιί111, 11111111, 6111611111, 11 140.
1 412. 1419. 1 12111461) 11447
9111111111, 6111111111, 6111111111, ΙΙ 368 6111116111ῐί, 91111 1111111, Dichter 111
1111111,1111111111,1111111,111111111111 Mitridate, 1 191
91111116), 81111111 111111 611111111111111,16ἰ111111111, 1111111111, ΙΙ 629. 11 637,
17 116
Η γ’ , ¹ 16111111,9.,6111111111111111111,1166
61111111, 61111111, ,611111111111111 1116111611111, 6111116111, 16111, Π 409
1111111111 9111111111, Ι 217 611111111ῐί, 911, Ι 883. ΙΙ 223. Π 373
6111111161, 61111111, Ι 132. Ι 231 6116111111, 91111, 11812
61111111, 1111111111, 61111111111111111, Ι 192 , 61111111, (9111, 1182
6111611111 ΙΙ 71 1 611111116111111111111111 1611111111,,111111;
1111111,1.,11111111111141 ἶ 1111111161 ’
6111111111, 6111111111, 211111111111111, ΙΙ ξ Collegia musica Ι 33111391)
447 6111161111, 6111111111, 61111111 bes 81611111,
61111111, 9111111111, 81111111, ΙΙ 6647 ’ 61119111111148, 11165
6111111, 6111111111, &tau 111 9311111111, 611116111191111111, 8161111111111115111-
Π 666 111111, I 1221
611111619131116111 Μ’, ἷ11111111111, Ι 123. Commedia dell' arte 1 401
Ι 67811. 61111111, flamm„ 66111111, Ι 2821169,
6111111111, 911111ἁ11111191111111,16294 ’ 11781534
6111111111,6.,6111111111131111111111111111, 611111111ίί11, 4. 611, 81111111, ΙΙ 167
Ι 702. Ι 712 ,611111 11, 611111111111, 14677)
61111111, 2111111, 811111111111111111, Ι 63316111, 21111111 91111119, Ι 7191.
1 161 111111, 11, 1111
6111111111), 6111111, 9111111111 111911111116111111111, 11111111, 1636
11111111 61111111, Ι 339. I 56511. ξ6111111111Γ111111111, 9111111 1119316111,
6111116111), 31111, 911111116611111111111 in? ΙΙ 442
9111111161, 1568 Ξ61111, 3111111, 111111111111111116111111111,
6111166161117621 1 Ι217
6111111111, &uqa Ι 1361. 1611111116 ΙΙ 837
6111161161, &ingen Ι 131 {Credo in 111 91111111 3051.
6111111111111, 9111111111, 156 ,6611111ῐί11, 661911, Ι 231
61111 ΙΙ 642. Π 644 161111111τί, 8., 61111111 111 sparnum:
611111, 19. 18, ’81111111 1111 9111111111ηή 11111111, 13902
Ι 415. ΙΙ 52. 11111). ΙΙ 112 H 451. 61111, (9111111111, 1195
11457 1611111111, 1111111111, 6111911111, 1 231
61116111, 6111111111, 6111911111, 1588.1611111111111111, 8., 1111111 6111111, 1675.
mffifflffimwfflmfflffl4ssff

1
611616161161666,9111111111111116,Ι218. 1 nasae, 11111911611111111 1111 minue

1632 1 111111111211
6111111111 ΙΙ 71 1811111111, 911, ΙΙ 629
§embolo im 6111111111 Ι 326 ἓ81161111, 1111111111 1111, &nunaunt 111
6111111111, 6111111, Ι 359. Ι 766, 17811 98111161111611111111, 1649. ΙΙ 748
61111111, gt.. 2111111δί11111, Ι 415 1111 11111111, 9111111111, 3111111161, Ι 537
61111, 911. 11, 61111111111111, Ι 219 bonnet. 6111, 9111111111, Ι 566. 1586
61111111611111111 11, Ι 6983 811111, 1111111111, 6611111111, 1559
6111111111, 91111611111111, 1673 61111111,11111111(6111111116111961111),
6111111111ιί, 911. 1,, 1641. ΙΙ 448. 11 886 610911. 611111116111119 Π28411. ’18111
61111111, 61111111, 11111111, 1 542 61111111111111111111 1116611.

 

