ss

145 ῧ5515555515555 55555 55555 55555555 &cuffiam 55555,

5555 ,5555555555 5555 5555555555 555555, 55555 55555 5555 555 5555
555 555 55555555 Laudamus 555 5555, 55555 5555555555 9555555555
55555555 5555555555 &utu 555 5555555555 5555555555555555555555
5555555555555 55555555 5555 5555555555 summum. 55 555 5555 555555
55555 55 555 5555555555 9555555555 555 5555 555 555555 555 555
55555555 55555555 5555 555555 55555555, 555 555 5555 55555555 555 55555
5555555 au 55555 55555555 5555 55555 55555555· 5555555 555 65555555
55555 555 alten (555555 55555555 5555555555555555, 55555 555555 55
555555 555555 55555 5555555555 555555 5555555, uie 55555 55555 555
35555555 555 55555555 51555 35551] 555 555 55555555 555 55555555 555
&minen &eh 55555 5555 (5555555 5555555555 55555555,

Ξ5555555 555555 5555 5555 5555555555555 Gratias! 555 55555555 5555
555 5555555, 555 5555 5555555555 55555. Tun 8555555555 55555 55 555
5555555 5555555555 55555 55555555555555 5555555 5555555555, mit 555
’55555555 5555 ’255555 5555 5555555555 5555555555 - 5555 5555555555 555
55555555 555 555 5555 555555555555555. Die zonart 555 55555555 5555
5555555555, 55 5555555555 5555555555 55555555 555 5555551555 55555555
5555555555 5555555555 555555 5555 5555555555 55555 555555 555 55555555
555555 5555555. Der 55555555 555 555555555555555 55 5555 555555 5555
55555555 55555555 forte cius 555 55555 55555555 555555 5555555 555 555555,
555555 555 55555ε5ῗ55555555 555555 555 5555555 555 &ugus 555 piano
555555 55555 555555 &suff 5555 555 555555 5555555 555 Gloria! 555
85555555 55555. 5355· 555 55555 555 5555555555, 55555555 (555, 55 555
55555555 5555 55555 555 555555 5555555555555555 555555 555 555555 655555
5555 5555555 55555 Dan? eurbtiugen„ 5555 5555 5555555 55555
555 55555 555555 55555 555 5. 53, 555555 55 555555 ,5555555555 5555αι
ῧ555 5555555555,

Qua auctr Domine Deus 555 555555 55555 5555 &tucidum 55
55555555 5555555 5555555555 55555 55555 55 555555 5555555, 555 bet 95ῑῖ
&carlum 55555 55 meist 55555 555 5555555555 555 55555555 5555555555

555555 555 55 555 5555 555 5555555555 555 &tit 555 Laudamus 55515
555 5555555555 555 Grat tuas 55555555 55555 55 555555 5555555555 5⁶
555555 Zone 55555555 5555555555- 555 5555 5555555 55555 555555 555 5555551Ἰ
555 5555555 5555 5555 5555 5555555555 5555555 55555 55555555555555 uncinum
55555555 5555 555 55, 555 55555 555 555555 5555555 555 5555 5555ιηιιῐιί
[55555 15555555555555555 (5555555 55555 555555 555 &ducib 555 55555)5ιῖ
55555555 5555 555555515’ 55 6555555555 5555 5555555555 555 ¹⁰¹⁸

5555555555 555555 555 5555555555 5555555

 

