ss

7777777771. 77777677. 717717717777777 479

6177777777171761777 776 7777777717777 71777777 7777771, 77767
77 §tage 777 677 7777777 (22. 7711 1776) 7177 77777767 (7771. 249,
250, Q X. 6,1Χ. 9) 7777777177, 617 777777 717 ,7777777777 77777777
77176. 11677 7771) 677 1167177177 71177777 777 77777 77 in 1177777717.
7177 677 7177777777 6777177717 71777717 776777 (13. 7771) 77177176
<t 1776 7761777 17 677 77717777 7771777771) 7777717777 71777777717777
677 777 1777 77717777 771767777777 17 677 ς717767 6713. 77 6771717177
7771), 677 777 25. &uli 1777 67177 71777717117717776177 71777771 617 ς77767
71777 77777767 7777, 617 7177177777 771777 7717777777 777117777777
(26. 7711) 7777771777 177777, 776 617 777 71777 71777717, 777777 93171177
1777777, 777 1177 77167 77771717, 776 717777 777 777 71 7777777777777
7167771777777 67777677 177177. 7777771171) 7777 671777 7771) 677 im
77111776 1777771777 717777177777 (M. 251, Q IX. Ε. 25) 777
11777777717677 77777777 6771777777. 717777771777777 777177 7767777
767717 717777 (7777777, 71777 77777767 (M. 264, 771177) 7777
7771177117 1775 776 677 Serenata notturna (77717239, &IX 8)
7777 ,777777 1776 17 717177 6777777.

7377 1777777 77777177 17 677 11771777 677 716717 77777 777 77777,
1777771777 7771) 77177 71777771777771717777. 777 767777777777
(m. 246, 7. XVI. 8) 777767 im 117711 1776 7177 617 617777 71717777,
617 6377717117 777 7777777677777 777 77777777176777, (777777 7717.
677777. 7. 7177777, 7777717777 7177 7717117717 7. 17777777, 77777717
677, 677 7777777 7177 6777Ι 71771777 (1777. 242, 6. XVI. 7) 717 617
1777717 776777 776 11777 671677 71717777 77177 776 77777177 77767777
1776). Differ 11777777 777 677 1177717777 776 7777777117) mit 67777
7777777777 67777 617 71777777 7777 7711 7771 1177771777 671 ihm
77177777, 776 617 777 6777 77777777 37777717771771777 7177777 7717 71177
7777777771 771777 777777 7777777 77771777 7777677, 77177777 717177
711717 7717 671676777777717, 7776777 77771) 61777777777771177777177
771777 71177777. (777767 617 71771777 7776777677 777777 7777717777 677
7777777777 7777116771 677 6777711777 3717 7717 6777767777 77777777,
.-..-....-———-—--——-

² 77717777777717 7. 7. D. 307 187. ² ς11177777 77771777 (3. 11177177 1777)
bie 771771 7777717777 7177 617 7177777 617 677 Qum 717 77777777777177177777177
nemu, vie ,77777 77777177 777 677 W, 617 77777777 iu 1111771777 77717177 (6 Dr:
77677 1777) 17 677 7617771777 (ms. 287, 7. 11(λ 29) 717 1177777777 776 767777,
bie 77717777 677 7177117177, im 31111'11‘176 17777717771717771777777 iu 7677 (7793,
247, ὕ. IX. 24). ³ vie 17 7717677777777 16717717 777 9, 717777 1776 ein:
77617777, 777 23, 7777777177 ,71771777711 17 717 1176777777777767 (11777185),

 

