βέῃ-ΕΞ

111111 (111. 1111111 Quartam (1111111.) 111

111. 16111111111111111 (17731), 171111 111 1111111111111111Θ11ι
1111111773,111111111)1 111 1111111111 1111111111 111111111111111
(w. 168-173, Q XVIII. 8-13), 111 11111111111111111111111111
11111111 11111 1111111111) 5 111111 11111111 1111111111 111 111 11111
111 111 6111111111 (M. 168, 1731111111111111111 111 111111 611
(m. 170) 111 111 1111111111111111 (1111117111 1111111 1111111111
1111111111 11111111. 1111 1111111111 11111 11111111 &anatem
11111 1111111111 111. 11111) 111 1111111111 11111111111111111111
11111 1111111111 111 111111 11111111 11111 1111111111 11111111
111111 111 111111 11111 111 1111111111, 1111111111) 11111111111111
1511111111111111111) 11111111 111111111111111, 111111111111111
111111111111111 1111 1111) 11111 111111 11 1111111111 11111111111111
111111111111 1111111111 111. 1111111 1111 1111 111 (11111111
111 ῧ1111111111111 111 1111111 1111111111 11111 1111111111 11111111.
111111 111111 1111111111111111111111111111 111 11111111 1111111111
1111111111111111111111111,1111111111 111 111111 111 11111
11111111) 11 1111111111111 &decu 111111 1111 1111 11111111111111
11111 111 1111111111 1111111111 1111111111. 1111111) 11 111 11111111
1111111111 11131111111111111 111 11111. 168 111111 11111 111 Imminet:

111 11113111111111111 1111111. 170 111 11111111) 1111111 111 111
&bema 111 111 1111111111 1111111111) 111 11111111 11111111 111 1111111
11111111. 111 1111111111 111111 11111 1111111111 11111 ς1111111111
1111111111 11111 11111111111111111111111 11 111 1111111111111 &tila
1111 1111111111) 1111111111111111 111111111111111111111111111111) 111
1111ιῖ111 1111111111, 1111) im 11111111. 111 11111111111111111 111
1111111111 1111111111 111111111111 1111111111. 1111111111 111111
111 11111111, 111 1111111 1111) 11111111 1111111 11111111111111 11111

———.............-——-——-

1111111 Quarum 1111111111 1771, 1111111111 1111111 111111) 11131111 11111
9311 11161 11 171. 2 ,1111 ’1111111111111 111111 11111111 111) 111 1111111 111
11111111) 1111 1111111111) 111 ς11111111 1111111 111111, 11 111111) 1111111111
1111111111 1111111111 111 61111. ³ (111111111111111111111172, 111 11111
111 1111111111 111 11111111, 11 111111111111111 1111) 111111 111 11111111
’ἰ11111111111 ⁴ θ11 1111) 11 ,11111111 11111111 (11111111 11 111111) 111 iu
11111111 111111111111) 111111111111111111 1111111111111 1111111 11,
111. (1111 &ciffum (1111111111 111 ,1111111111 21511. 111 oben Ὁ 11111.

 

