⁵ . ς 15555555555555. 555. 55551. 5555 91

nod, 55 55551. 15555555 555551 in 3551 555 5155555555 bet 55555
5555155555 1155511, 12 555 15 §inb 55555555, M. 14 1555
auf 555 555555 ein 5155555 fulgen. 555 5555555 ein 5155555555
555 5555555ίί 555 6555555 55 555 55555555, 55 555 55 555 ben
55555555 55 555 (5555555555 555 55555555 5155555555 5555555 555555
,5. 5115555 55551555 55555ίί55 mar. (5515 55155555 {ss 555 5155555
555 M. 12 mit 55555 5555555555 5555155555 (5555555555,
” 55555555 555 bie auf 555 meite 555555 5555555555 5155555 im 5555
&aa 555 5555. lq 555 im 55555 555 M. 15. 5555 555 5115555 1th
515 bie 55555 5555515 55555, 55555 555 555 555555 555 m. 15
beutlitf) 55. 555 551555555555555 sid> ί5 5555 &maten 55555
55155555 5555555555 5555555555 51155555 55 555. 555. wad).
5555 55555 {fir 55555 55555555555555555555511 5555555 ist 55
,in 555555 355 555555 5555555, Da& 5 in 55 555555 bes 55555
5555555555 55555, steht f⁰st3 55 ct 55555 5555551555 515
655515 555 655555 ³¹1 55555555 ist 555 5555 555 ,55555555
5155555 555 5555 55555 5555555555555555 {eines (5555 5555551555
5555555555 555, {st 5555 555 55 55555 5555 bie 5551555 55555
555 51555 5555 (55555 55555555 515 einen 55 &bren geprieJem tat:
555555 5555555 §eine 5555 555 555 5555515555 55555] 5555555
5555555, 55 febr 5 gum 5555555 5555555 mut. 5555 55555
5555 5551555 551 555 55555555 5555555155. &t 555 ber 555555
55555555 55555555 5515 555 555555 55551555 555 5555 31¹⁵
gleitf) 55 5555555555 555 5555555555555555. Dide (55555555 {einez Ἴ
&fene 555 5555 55 55555555 mit bem 55555555515555551
55 55555555 55555555. &t 555555 555 3555 55 acuens 5555555555
555 {fit beten 65555555555555 55τί555 5555 in 55555 5515555555
,Ὥνττη 555555 555555 5515555, 5551551555 un„ 555 §eine 155555
1555555555 5555 555 551555 55555 555 55555 515555 mie 55
615555555555155565555 55 5555555555 55555 mie 55 &bobeta
55515555 555 5155 mcii 55555555 555 eleganter] 555 55 italie:
55555 ,5555555 5555555 [ich 5555 55 555 93555555 555 55555555

γ’ wal. 555 Menum en 5511155 in 5555 14, eim (ῗῃίεῐετεί in 555 55555
‘Qum M ,5155555 aud> ben 55555 &uo 555 w. 1³ 55155 5565 1 103 55
:³³⁸³ 5555555555 555555555555»οοωρ151555«; 555 555555 5555555 in 55555
W 555 bem foelgtnbtn gmeiten 5555555 555555555555515555 5555155555.
1² 615555 5. a. 5.( 5. 5555555, 55555555 555 &abien 11118155 55555515
ἶ55 555555 11 5 15.

 

